/*--------------------------------*- C++ -*----------------------------------*\
| =========                 |                                                 |
| \\      /  F ield         | OpenFOAM: The Open Source CFD Toolbox           |
|  \\    /   O peration     | Version:  2306                                  |
|   \\  /    A nd           | Website:  www.openfoam.com                      |
|    \\/     M anipulation  |                                                 |
\*---------------------------------------------------------------------------*/
FoamFile
{
    version     2.0;
    format      ascii;
    arch        "LSB;label=32;scalar=64";
    note        "nPoints:18840  nCells:9200  nFaces:37020  nInternalFaces:18180";
    class       labelList;
    location    "constant/polyMesh";
    object      neighbour;
}
// * * * * * * * * * * * * * * * * * * * * * * * * * * * * * * * * * * * * * //


18180
(
1
20
380
1600
2
21
381
3
22
382
4
23
383
5
24
384
6
25
385
7
26
386
8
27
387
9
28
388
10
29
389
11
30
390
12
31
391
13
32
392
14
33
393
15
34
394
16
35
395
17
36
396
18
37
397
19
38
398
39
399
21
40
1601
22
41
23
42
24
43
25
44
26
45
27
46
28
47
29
48
30
49
31
50
32
51
33
52
34
53
35
54
36
55
37
56
38
57
39
58
59
41
60
1602
42
61
43
62
44
63
45
64
46
65
47
66
48
67
49
68
50
69
51
70
52
71
53
72
54
73
55
74
56
75
57
76
58
77
59
78
79
61
80
1603
62
81
63
82
64
83
65
84
66
85
67
86
68
87
69
88
70
89
71
90
72
91
73
92
74
93
75
94
76
95
77
96
78
97
79
98
99
81
100
1604
82
101
83
102
84
103
85
104
86
105
87
106
88
107
89
108
90
109
91
110
92
111
93
112
94
113
95
114
96
115
97
116
98
117
99
118
119
101
120
1605
102
121
103
122
104
123
105
124
106
125
107
126
108
127
109
128
110
129
111
130
112
131
113
132
114
133
115
134
116
135
117
136
118
137
119
138
139
121
140
1606
122
141
123
142
124
143
125
144
126
145
127
146
128
147
129
148
130
149
131
150
132
151
133
152
134
153
135
154
136
155
137
156
138
157
139
158
159
141
160
1607
142
161
143
162
144
163
145
164
146
165
147
166
148
167
149
168
150
169
151
170
152
171
153
172
154
173
155
174
156
175
157
176
158
177
159
178
179
161
180
1608
162
181
163
182
164
183
165
184
166
185
167
186
168
187
169
188
170
189
171
190
172
191
173
192
174
193
175
194
176
195
177
196
178
197
179
198
199
181
1609
2099
182
2098
183
2097
184
2096
185
2095
186
2094
187
2093
188
2092
189
2091
190
2090
191
2089
192
2088
193
2087
194
2086
195
2085
196
2084
197
2083
198
2082
199
2081
2080
201
220
429
4800
202
221
4810
203
222
4820
204
223
4830
205
224
4840
206
225
4850
207
226
4860
208
227
4870
209
228
4880
210
229
4890
211
230
4900
212
231
4910
213
232
4920
214
233
4930
215
234
4940
216
235
4950
217
236
4960
218
237
4970
219
238
4980
239
4990
221
240
459
222
241
223
242
224
243
225
244
226
245
227
246
228
247
229
248
230
249
231
250
232
251
233
252
234
253
235
254
236
255
237
256
238
257
239
258
259
241
260
489
242
261
243
262
244
263
245
264
246
265
247
266
248
267
249
268
250
269
251
270
252
271
253
272
254
273
255
274
256
275
257
276
258
277
259
278
279
261
280
519
262
281
263
282
264
283
265
284
266
285
267
286
268
287
269
288
270
289
271
290
272
291
273
292
274
293
275
294
276
295
277
296
278
297
279
298
299
281
300
549
282
301
283
302
284
303
285
304
286
305
287
306
288
307
289
308
290
309
291
310
292
311
293
312
294
313
295
314
296
315
297
316
298
317
299
318
319
301
320
579
302
321
303
322
304
323
305
324
306
325
307
326
308
327
309
328
310
329
311
330
312
331
313
332
314
333
315
334
316
335
317
336
318
337
319
338
339
321
340
609
322
341
323
342
324
343
325
344
326
345
327
346
328
347
329
348
330
349
331
350
332
351
333
352
334
353
335
354
336
355
337
356
338
357
339
358
359
341
360
639
342
361
343
362
344
363
345
364
346
365
347
366
348
367
349
368
350
369
351
370
352
371
353
372
354
373
355
374
356
375
357
376
358
377
359
378
379
361
380
669
362
381
363
382
364
383
365
384
366
385
367
386
368
387
369
388
370
389
371
390
372
391
373
392
374
393
375
394
376
395
377
396
378
397
379
398
399
381
699
382
383
384
385
386
387
388
389
390
391
392
393
394
395
396
397
398
399
401
430
5000
402
431
5010
403
432
5020
404
433
5030
405
434
5040
406
435
5050
407
436
5060
408
437
5070
409
438
5080
410
439
5090
411
440
5100
412
441
5110
413
442
5120
414
443
5130
415
444
5140
416
445
5150
417
446
5160
418
447
5170
419
448
5180
420
449
5190
421
450
5200
422
451
5210
423
452
5220
424
453
5230
425
454
5240
426
455
5250
427
456
5260
428
457
5270
429
458
5280
459
5290
431
460
432
461
433
462
434
463
435
464
436
465
437
466
438
467
439
468
440
469
441
470
442
471
443
472
444
473
445
474
446
475
447
476
448
477
449
478
450
479
451
480
452
481
453
482
454
483
455
484
456
485
457
486
458
487
459
488
489
461
490
462
491
463
492
464
493
465
494
466
495
467
496
468
497
469
498
470
499
471
500
472
501
473
502
474
503
475
504
476
505
477
506
478
507
479
508
480
509
481
510
482
511
483
512
484
513
485
514
486
515
487
516
488
517
489
518
519
491
520
492
521
493
522
494
523
495
524
496
525
497
526
498
527
499
528
500
529
501
530
502
531
503
532
504
533
505
534
506
535
507
536
508
537
509
538
510
539
511
540
512
541
513
542
514
543
515
544
516
545
517
546
518
547
519
548
549
521
550
522
551
523
552
524
553
525
554
526
555
527
556
528
557
529
558
530
559
531
560
532
561
533
562
534
563
535
564
536
565
537
566
538
567
539
568
540
569
541
570
542
571
543
572
544
573
545
574
546
575
547
576
548
577
549
578
579
551
580
552
581
553
582
554
583
555
584
556
585
557
586
558
587
559
588
560
589
561
590
562
591
563
592
564
593
565
594
566
595
567
596
568
597
569
598
570
599
571
600
572
601
573
602
574
603
575
604
576
605
577
606
578
607
579
608
609
581
610
582
611
583
612
584
613
585
614
586
615
587
616
588
617
589
618
590
619
591
620
592
621
593
622
594
623
595
624
596
625
597
626
598
627
599
628
600
629
601
630
602
631
603
632
604
633
605
634
606
635
607
636
608
637
609
638
639
611
640
612
641
613
642
614
643
615
644
616
645
617
646
618
647
619
648
620
649
621
650
622
651
623
652
624
653
625
654
626
655
627
656
628
657
629
658
630
659
631
660
632
661
633
662
634
663
635
664
636
665
637
666
638
667
639
668
669
641
670
642
671
643
672
644
673
645
674
646
675
647
676
648
677
649
678
650
679
651
680
652
681
653
682
654
683
655
684
656
685
657
686
658
687
659
688
660
689
661
690
662
691
663
692
664
693
665
694
666
695
667
696
668
697
669
698
699
671
700
672
701
673
702
674
703
675
704
676
705
677
706
678
707
679
708
680
709
681
710
682
711
683
712
684
713
685
714
686
715
687
716
688
717
689
718
690
719
691
720
692
721
693
722
694
723
695
724
696
725
697
726
698
727
699
728
729
701
730
702
731
703
732
704
733
705
734
706
735
707
736
708
737
709
738
710
739
711
740
712
741
713
742
714
743
715
744
716
745
717
746
718
747
719
748
720
749
721
750
722
751
723
752
724
753
725
754
726
755
727
756
728
757
729
758
759
1600
731
760
732
761
733
762
734
763
735
764
736
765
737
766
738
767
739
768
740
769
741
770
742
771
743
772
744
773
745
774
746
775
747
776
748
777
749
778
750
779
751
780
752
781
753
782
754
783
755
784
756
785
757
786
758
787
759
788
789
1610
761
790
762
791
763
792
764
793
765
794
766
795
767
796
768
797
769
798
770
799
771
800
772
801
773
802
774
803
775
804
776
805
777
806
778
807
779
808
780
809
781
810
782
811
783
812
784
813
785
814
786
815
787
816
788
817
789
818
819
1620
791
820
792
821
793
822
794
823
795
824
796
825
797
826
798
827
799
828
800
829
801
830
802
831
803
832
804
833
805
834
806
835
807
836
808
837
809
838
810
839
811
840
812
841
813
842
814
843
815
844
816
845
817
846
818
847
819
848
849
1630
821
850
822
851
823
852
824
853
825
854
826
855
827
856
828
857
829
858
830
859
831
860
832
861
833
862
834
863
835
864
836
865
837
866
838
867
839
868
840
869
841
870
842
871
843
872
844
873
845
874
846
875
847
876
848
877
849
878
879
1640
851
880
852
881
853
882
854
883
855
884
856
885
857
886
858
887
859
888
860
889
861
890
862
891
863
892
864
893
865
894
866
895
867
896
868
897
869
898
870
899
871
900
872
901
873
902
874
903
875
904
876
905
877
906
878
907
879
908
909
1650
881
910
882
911
883
912
884
913
885
914
886
915
887
916
888
917
889
918
890
919
891
920
892
921
893
922
894
923
895
924
896
925
897
926
898
927
899
928
900
929
901
930
902
931
903
932
904
933
905
934
906
935
907
936
908
937
909
938
939
1660
911
940
912
941
913
942
914
943
915
944
916
945
917
946
918
947
919
948
920
949
921
950
922
951
923
952
924
953
925
954
926
955
927
956
928
957
929
958
930
959
931
960
932
961
933
962
934
963
935
964
936
965
937
966
938
967
939
968
969
1670
941
970
942
971
943
972
944
973
945
974
946
975
947
976
948
977
949
978
950
979
951
980
952
981
953
982
954
983
955
984
956
985
957
986
958
987
959
988
960
989
961
990
962
991
963
992
964
993
965
994
966
995
967
996
968
997
969
998
999
1680
971
1000
972
1001
973
1002
974
1003
975
1004
976
1005
977
1006
978
1007
979
1008
980
1009
981
1010
982
1011
983
1012
984
1013
985
1014
986
1015
987
1016
988
1017
989
1018
990
1019
991
1020
992
1021
993
1022
994
1023
995
1024
996
1025
997
1026
998
1027
999
1028
1029
1690
1001
1030
1002
1031
1003
1032
1004
1033
1005
1034
1006
1035
1007
1036
1008
1037
1009
1038
1010
1039
1011
1040
1012
1041
1013
1042
1014
1043
1015
1044
1016
1045
1017
1046
1018
1047
1019
1048
1020
1049
1021
1050
1022
1051
1023
1052
1024
1053
1025
1054
1026
1055
1027
1056
1028
1057
1029
1058
1059
1700
1031
1060
1032
1061
1033
1062
1034
1063
1035
1064
1036
1065
1037
1066
1038
1067
1039
1068
1040
1069
1041
1070
1042
1071
1043
1072
1044
1073
1045
1074
1046
1075
1047
1076
1048
1077
1049
1078
1050
1079
1051
1080
1052
1081
1053
1082
1054
1083
1055
1084
1056
1085
1057
1086
1058
1087
1059
1088
1089
1710
1061
1090
1062
1091
1063
1092
1064
1093
1065
1094
1066
1095
1067
1096
1068
1097
1069
1098
1070
1099
1071
1100
1072
1101
1073
1102
1074
1103
1075
1104
1076
1105
1077
1106
1078
1107
1079
1108
1080
1109
1081
1110
1082
1111
1083
1112
1084
1113
1085
1114
1086
1115
1087
1116
1088
1117
1089
1118
1119
1720
1091
1120
1092
1121
1093
1122
1094
1123
1095
1124
1096
1125
1097
1126
1098
1127
1099
1128
1100
1129
1101
1130
1102
1131
1103
1132
1104
1133
1105
1134
1106
1135
1107
1136
1108
1137
1109
1138
1110
1139
1111
1140
1112
1141
1113
1142
1114
1143
1115
1144
1116
1145
1117
1146
1118
1147
1119
1148
1149
1730
1121
1150
1122
1151
1123
1152
1124
1153
1125
1154
1126
1155
1127
1156
1128
1157
1129
1158
1130
1159
1131
1160
1132
1161
1133
1162
1134
1163
1135
1164
1136
1165
1137
1166
1138
1167
1139
1168
1140
1169
1141
1170
1142
1171
1143
1172
1144
1173
1145
1174
1146
1175
1147
1176
1148
1177
1149
1178
1179
1740
1151
1180
1152
1181
1153
1182
1154
1183
1155
1184
1156
1185
1157
1186
1158
1187
1159
1188
1160
1189
1161
1190
1162
1191
1163
1192
1164
1193
1165
1194
1166
1195
1167
1196
1168
1197
1169
1198
1170
1199
1171
1200
1172
1201
1173
1202
1174
1203
1175
1204
1176
1205
1177
1206
1178
1207
1179
1208
1209
1750
1181
1210
1182
1211
1183
1212
1184
1213
1185
1214
1186
1215
1187
1216
1188
1217
1189
1218
1190
1219
1191
1220
1192
1221
1193
1222
1194
1223
1195
1224
1196
1225
1197
1226
1198
1227
1199
1228
1200
1229
1201
1230
1202
1231
1203
1232
1204
1233
1205
1234
1206
1235
1207
1236
1208
1237
1209
1238
1239
1760
1211
1240
1212
1241
1213
1242
1214
1243
1215
1244
1216
1245
1217
1246
1218
1247
1219
1248
1220
1249
1221
1250
1222
1251
1223
1252
1224
1253
1225
1254
1226
1255
1227
1256
1228
1257
1229
1258
1230
1259
1231
1260
1232
1261
1233
1262
1234
1263
1235
1264
1236
1265
1237
1266
1238
1267
1239
1268
1269
1770
1241
1270
1242
1271
1243
1272
1244
1273
1245
1274
1246
1275
1247
1276
1248
1277
1249
1278
1250
1279
1251
1280
1252
1281
1253
1282
1254
1283
1255
1284
1256
1285
1257
1286
1258
1287
1259
1288
1260
1289
1261
1290
1262
1291
1263
1292
1264
1293
1265
1294
1266
1295
1267
1296
1268
1297
1269
1298
1299
1780
1271
1300
1272
1301
1273
1302
1274
1303
1275
1304
1276
1305
1277
1306
1278
1307
1279
1308
1280
1309
1281
1310
1282
1311
1283
1312
1284
1313
1285
1314
1286
1315
1287
1316
1288
1317
1289
1318
1290
1319
1291
1320
1292
1321
1293
1322
1294
1323
1295
1324
1296
1325
1297
1326
1298
1327
1299
1328
1329
1790
1301
1330
1302
1331
1303
1332
1304
1333
1305
1334
1306
1335
1307
1336
1308
1337
1309
1338
1310
1339
1311
1340
1312
1341
1313
1342
1314
1343
1315
1344
1316
1345
1317
1346
1318
1347
1319
1348
1320
1349
1321
1350
1322
1351
1323
1352
1324
1353
1325
1354
1326
1355
1327
1356
1328
1357
1329
1358
1359
1800
1331
1360
1332
1361
1333
1362
1334
1363
1335
1364
1336
1365
1337
1366
1338
1367
1339
1368
1340
1369
1341
1370
1342
1371
1343
1372
1344
1373
1345
1374
1346
1375
1347
1376
1348
1377
1349
1378
1350
1379
1351
1380
1352
1381
1353
1382
1354
1383
1355
1384
1356
1385
1357
1386
1358
1387
1359
1388
1389
1810
1361
1390
1362
1391
1363
1392
1364
1393
1365
1394
1366
1395
1367
1396
1368
1397
1369
1398
1370
1399
1371
1400
1372
1401
1373
1402
1374
1403
1375
1404
1376
1405
1377
1406
1378
1407
1379
1408
1380
1409
1381
1410
1382
1411
1383
1412
1384
1413
1385
1414
1386
1415
1387
1416
1388
1417
1389
1418
1419
1820
1391
1420
1392
1421
1393
1422
1394
1423
1395
1424
1396
1425
1397
1426
1398
1427
1399
1428
1400
1429
1401
1430
1402
1431
1403
1432
1404
1433
1405
1434
1406
1435
1407
1436
1408
1437
1409
1438
1410
1439
1411
1440
1412
1441
1413
1442
1414
1443
1415
1444
1416
1445
1417
1446
1418
1447
1419
1448
1449
1830
1421
1450
1422
1451
1423
1452
1424
1453
1425
1454
1426
1455
1427
1456
1428
1457
1429
1458
1430
1459
1431
1460
1432
1461
1433
1462
1434
1463
1435
1464
1436
1465
1437
1466
1438
1467
1439
1468
1440
1469
1441
1470
1442
1471
1443
1472
1444
1473
1445
1474
1446
1475
1447
1476
1448
1477
1449
1478
1479
1840
1451
1480
1452
1481
1453
1482
1454
1483
1455
1484
1456
1485
1457
1486
1458
1487
1459
1488
1460
1489
1461
1490
1462
1491
1463
1492
1464
1493
1465
1494
1466
1495
1467
1496
1468
1497
1469
1498
1470
1499
1471
1500
1472
1501
1473
1502
1474
1503
1475
1504
1476
1505
1477
1506
1478
1507
1479
1508
1509
1850
1481
1510
1482
1511
1483
1512
1484
1513
1485
1514
1486
1515
1487
1516
1488
1517
1489
1518
1490
1519
1491
1520
1492
1521
1493
1522
1494
1523
1495
1524
1496
1525
1497
1526
1498
1527
1499
1528
1500
1529
1501
1530
1502
1531
1503
1532
1504
1533
1505
1534
1506
1535
1507
1536
1508
1537
1509
1538
1539
1860
1511
1540
1512
1541
1513
1542
1514
1543
1515
1544
1516
1545
1517
1546
1518
1547
1519
1548
1520
1549
1521
1550
1522
1551
1523
1552
1524
1553
1525
1554
1526
1555
1527
1556
1528
1557
1529
1558
1530
1559
1531
1560
1532
1561
1533
1562
1534
1563
1535
1564
1536
1565
1537
1566
1538
1567
1539
1568
1569
1870
1541
1570
1542
1571
1543
1572
1544
1573
1545
1574
1546
1575
1547
1576
1548
1577
1549
1578
1550
1579
1551
1580
1552
1581
1553
1582
1554
1583
1555
1584
1556
1585
1557
1586
1558
1587
1559
1588
1560
1589
1561
1590
1562
1591
1563
1592
1564
1593
1565
1594
1566
1595
1567
1596
1568
1597
1569
1598
1599
1880
1571
1572
1573
1574
1575
1576
1577
1578
1579
1580
1581
1582
1583
1584
1585
1586
1587
1588
1589
1590
1591
1592
1593
1594
1595
1596
1597
1598
1599
1890
1601
1610
1602
1611
1603
1612
1604
1613
1605
1614
1606
1615
1607
1616
1608
1617
1609
1618
1619
4300
1611
1620
1612
1621
1613
1622
1614
1623
1615
1624
1616
1625
1617
1626
1618
1627
1619
1628
1629
4310
1621
1630
1622
1631
1623
1632
1624
1633
1625
1634
1626
1635
1627
1636
1628
1637
1629
1638
1639
4320
1631
1640
1632
1641
1633
1642
1634
1643
1635
1644
1636
1645
1637
1646
1638
1647
1639
1648
1649
4330
1641
1650
1642
1651
1643
1652
1644
1653
1645
1654
1646
1655
1647
1656
1648
1657
1649
1658
1659
4340
1651
1660
1652
1661
1653
1662
1654
1663
1655
1664
1656
1665
1657
1666
1658
1667
1659
1668
1669
4350
1661
1670
1662
1671
1663
1672
1664
1673
1665
1674
1666
1675
1667
1676
1668
1677
1669
1678
1679
4360
1671
1680
1672
1681
1673
1682
1674
1683
1675
1684
1676
1685
1677
1686
1678
1687
1679
1688
1689
4370
1681
1690
1682
1691
1683
1692
1684
1693
1685
1694
1686
1695
1687
1696
1688
1697
1689
1698
1699
4380
1691
1700
1692
1701
1693
1702
1694
1703
1695
1704
1696
1705
1697
1706
1698
1707
1699
1708
1709
4390
1701
1710
1702
1711
1703
1712
1704
1713
1705
1714
1706
1715
1707
1716
1708
1717
1709
1718
1719
4400
1711
1720
1712
1721
1713
1722
1714
1723
1715
1724
1716
1725
1717
1726
1718
1727
1719
1728
1729
4410
1721
1730
1722
1731
1723
1732
1724
1733
1725
1734
1726
1735
1727
1736
1728
1737
1729
1738
1739
4420
1731
1740
1732
1741
1733
1742
1734
1743
1735
1744
1736
1745
1737
1746
1738
1747
1739
1748
1749
4430
1741
1750
1742
1751
1743
1752
1744
1753
1745
1754
1746
1755
1747
1756
1748
1757
1749
1758
1759
4440
1751
1760
1752
1761
1753
1762
1754
1763
1755
1764
1756
1765
1757
1766
1758
1767
1759
1768
1769
4450
1761
1770
1762
1771
1763
1772
1764
1773
1765
1774
1766
1775
1767
1776
1768
1777
1769
1778
1779
4460
1771
1780
1772
1781
1773
1782
1774
1783
1775
1784
1776
1785
1777
1786
1778
1787
1779
1788
1789
4470
1781
1790
1782
1791
1783
1792
1784
1793
1785
1794
1786
1795
1787
1796
1788
1797
1789
1798
1799
4480
1791
1800
1792
1801
1793
1802
1794
1803
1795
1804
1796
1805
1797
1806
1798
1807
1799
1808
1809
4490
1801
1810
1802
1811
1803
1812
1804
1813
1805
1814
1806
1815
1807
1816
1808
1817
1809
1818
1819
4500
1811
1820
1812
1821
1813
1822
1814
1823
1815
1824
1816
1825
1817
1826
1818
1827
1819
1828
1829
4510
1821
1830
1822
1831
1823
1832
1824
1833
1825
1834
1826
1835
1827
1836
1828
1837
1829
1838
1839
4520
1831
1840
1832
1841
1833
1842
1834
1843
1835
1844
1836
1845
1837
1846
1838
1847
1839
1848
1849
4530
1841
1850
1842
1851
1843
1852
1844
1853
1845
1854
1846
1855
1847
1856
1848
1857
1849
1858
1859
4540
1851
1860
1852
1861
1853
1862
1854
1863
1855
1864
1856
1865
1857
1866
1858
1867
1859
1868
1869
4550
1861
1870
1862
1871
1863
1872
1864
1873
1865
1874
1866
1875
1867
1876
1868
1877
1869
1878
1879
4560
1871
1880
1872
1881
1873
1882
1874
1883
1875
1884
1876
1885
1877
1886
1878
1887
1879
1888
1889
4570
1881
1890
1882
1891
1883
1892
1884
1893
1885
1894
1886
1895
1887
1896
1888
1897
1889
1898
1899
4580
1891
1892
1893
1894
1895
1896
1897
1898
1899
4590
1901
1920
2280
1902
1921
2281
1903
1922
2282
1904
1923
2283
1905
1924
2284
1906
1925
2285
1907
1926
2286
1908
1927
2287
1909
1928
2288
1910
1929
2289
1911
1930
2290
1912
1931
2291
1913
1932
2292
1914
1933
2293
1915
1934
2294
1916
1935
2295
1917
1936
2296
1918
1937
2297
1919
1938
2298
1939
2299
4309
1921
1940
1922
1941
1923
1942
1924
1943
1925
1944
1926
1945
1927
1946
1928
1947
1929
1948
1930
1949
1931
1950
1932
1951
1933
1952
1934
1953
1935
1954
1936
1955
1937
1956
1938
1957
1939
1958
1959
4308
1941
1960
1942
1961
1943
1962
1944
1963
1945
1964
1946
1965
1947
1966
1948
1967
1949
1968
1950
1969
1951
1970
1952
1971
1953
1972
1954
1973
1955
1974
1956
1975
1957
1976
1958
1977
1959
1978
1979
4307
1961
1980
1962
1981
1963
1982
1964
1983
1965
1984
1966
1985
1967
1986
1968
1987
1969
1988
1970
1989
1971
1990
1972
1991
1973
1992
1974
1993
1975
1994
1976
1995
1977
1996
1978
1997
1979
1998
1999
4306
1981
2000
1982
2001
1983
2002
1984
2003
1985
2004
1986
2005
1987
2006
1988
2007
1989
2008
1990
2009
1991
2010
1992
2011
1993
2012
1994
2013
1995
2014
1996
2015
1997
2016
1998
2017
1999
2018
2019
4305
2001
2020
2002
2021
2003
2022
2004
2023
2005
2024
2006
2025
2007
2026
2008
2027
2009
2028
2010
2029
2011
2030
2012
2031
2013
2032
2014
2033
2015
2034
2016
2035
2017
2036
2018
2037
2019
2038
2039
4304
2021
2040
2022
2041
2023
2042
2024
2043
2025
2044
2026
2045
2027
2046
2028
2047
2029
2048
2030
2049
2031
2050
2032
2051
2033
2052
2034
2053
2035
2054
2036
2055
2037
2056
2038
2057
2039
2058
2059
4303
2041
2060
2042
2061
2043
2062
2044
2063
2045
2064
2046
2065
2047
2066
2048
2067
2049
2068
2050
2069
2051
2070
2052
2071
2053
2072
2054
2073
2055
2074
2056
2075
2057
2076
2058
2077
2059
2078
2079
4302
2061
2080
2062
2081
2063
2082
2064
2083
2065
2084
2066
2085
2067
2086
2068
2087
2069
2088
2070
2089
2071
2090
2072
2091
2073
2092
2074
2093
2075
2094
2076
2095
2077
2096
2078
2097
2079
2098
2099
4301
2081
2082
2083
2084
2085
2086
2087
2088
2089
2090
2091
2092
2093
2094
2095
2096
2097
2098
2099
4300
2101
2120
6700
2102
2121
6710
2103
2122
6720
2104
2123
6730
2105
2124
6740
2106
2125
6750
2107
2126
6760
2108
2127
6770
2109
2128
6780
2110
2129
6790
2111
2130
6800
2112
2131
6810
2113
2132
6820
2114
2133
6830
2115
2134
6840
2116
2135
6850
2117
2136
6860
2118
2137
6870
2119
2138
6880
2139
2300
6890
2121
2140
2122
2141
2123
2142
2124
2143
2125
2144
2126
2145
2127
2146
2128
2147
2129
2148
2130
2149
2131
2150
2132
2151
2133
2152
2134
2153
2135
2154
2136
2155
2137
2156
2138
2157
2139
2158
2159
2350
2141
2160
2142
2161
2143
2162
2144
2163
2145
2164
2146
2165
2147
2166
2148
2167
2149
2168
2150
2169
2151
2170
2152
2171
2153
2172
2154
2173
2155
2174
2156
2175
2157
2176
2158
2177
2159
2178
2179
2400
2161
2180
2162
2181
2163
2182
2164
2183
2165
2184
2166
2185
2167
2186
2168
2187
2169
2188
2170
2189
2171
2190
2172
2191
2173
2192
2174
2193
2175
2194
2176
2195
2177
2196
2178
2197
2179
2198
2199
2450
2181
2200
2182
2201
2183
2202
2184
2203
2185
2204
2186
2205
2187
2206
2188
2207
2189
2208
2190
2209
2191
2210
2192
2211
2193
2212
2194
2213
2195
2214
2196
2215
2197
2216
2198
2217
2199
2218
2219
2500
2201
2220
2202
2221
2203
2222
2204
2223
2205
2224
2206
2225
2207
2226
2208
2227
2209
2228
2210
2229
2211
2230
2212
2231
2213
2232
2214
2233
2215
2234
2216
2235
2217
2236
2218
2237
2219
2238
2239
2550
2221
2240
2222
2241
2223
2242
2224
2243
2225
2244
2226
2245
2227
2246
2228
2247
2229
2248
2230
2249
2231
2250
2232
2251
2233
2252
2234
2253
2235
2254
2236
2255
2237
2256
2238
2257
2239
2258
2259
2600
2241
2260
2242
2261
2243
2262
2244
2263
2245
2264
2246
2265
2247
2266
2248
2267
2249
2268
2250
2269
2251
2270
2252
2271
2253
2272
2254
2273
2255
2274
2256
2275
2257
2276
2258
2277
2259
2278
2279
2650
2261
2280
2262
2281
2263
2282
2264
2283
2265
2284
2266
2285
2267
2286
2268
2287
2269
2288
2270
2289
2271
2290
2272
2291
2273
2292
2274
2293
2275
2294
2276
2295
2277
2296
2278
2297
2279
2298
2299
2700
2281
2282
2283
2284
2285
2286
2287
2288
2289
2290
2291
2292
2293
2294
2295
2296
2297
2298
2299
2750
2301
2350
6900
2302
2351
6910
2303
2352
6920
2304
2353
6930
2305
2354
6940
2306
2355
6950
2307
2356
6960
2308
2357
6970
2309
2358
6980
2310
2359
6990
2311
2360
7000
2312
2361
7010
2313
2362
7020
2314
2363
7030
2315
2364
7040
2316
2365
7050
2317
2366
7060
2318
2367
7070
2319
2368
7080
2320
2369
7090
2321
2370
7100
2322
2371
7110
2323
2372
7120
2324
2373
7130
2325
2374
7140
2326
2375
7150
2327
2376
7160
2328
2377
7170
2329
2378
7180
2330
2379
7190
2331
2380
7200
2332
2381
7210
2333
2382
7220
2334
2383
7230
2335
2384
7240
2336
2385
7250
2337
2386
7260
2338
2387
7270
2339
2388
7280
2340
2389
7290
2341
2390
7300
2342
2391
7310
2343
2392
7320
2344
2393
7330
2345
2394
7340
2346
2395
7350
2347
2396
7360
2348
2397
7370
2349
2398
7380
2399
7390
2351
2400
2352
2401
2353
2402
2354
2403
2355
2404
2356
2405
2357
2406
2358
2407
2359
2408
2360
2409
2361
2410
2362
2411
2363
2412
2364
2413
2365
2414
2366
2415
2367
2416
2368
2417
2369
2418
2370
2419
2371
2420
2372
2421
2373
2422
2374
2423
2375
2424
2376
2425
2377
2426
2378
2427
2379
2428
2380
2429
2381
2430
2382
2431
2383
2432
2384
2433
2385
2434
2386
2435
2387
2436
2388
2437
2389
2438
2390
2439
2391
2440
2392
2441
2393
2442
2394
2443
2395
2444
2396
2445
2397
2446
2398
2447
2399
2448
2449
2401
2450
2402
2451
2403
2452
2404
2453
2405
2454
2406
2455
2407
2456
2408
2457
2409
2458
2410
2459
2411
2460
2412
2461
2413
2462
2414
2463
2415
2464
2416
2465
2417
2466
2418
2467
2419
2468
2420
2469
2421
2470
2422
2471
2423
2472
2424
2473
2425
2474
2426
2475
2427
2476
2428
2477
2429
2478
2430
2479
2431
2480
2432
2481
2433
2482
2434
2483
2435
2484
2436
2485
2437
2486
2438
2487
2439
2488
2440
2489
2441
2490
2442
2491
2443
2492
2444
2493
2445
2494
2446
2495
2447
2496
2448
2497
2449
2498
2499
2451
2500
2452
2501
2453
2502
2454
2503
2455
2504
2456
2505
2457
2506
2458
2507
2459
2508
2460
2509
2461
2510
2462
2511
2463
2512
2464
2513
2465
2514
2466
2515
2467
2516
2468
2517
2469
2518
2470
2519
2471
2520
2472
2521
2473
2522
2474
2523
2475
2524
2476
2525
2477
2526
2478
2527
2479
2528
2480
2529
2481
2530
2482
2531
2483
2532
2484
2533
2485
2534
2486
2535
2487
2536
2488
2537
2489
2538
2490
2539
2491
2540
2492
2541
2493
2542
2494
2543
2495
2544
2496
2545
2497
2546
2498
2547
2499
2548
2549
2501
2550
2502
2551
2503
2552
2504
2553
2505
2554
2506
2555
2507
2556
2508
2557
2509
2558
2510
2559
2511
2560
2512
2561
2513
2562
2514
2563
2515
2564
2516
2565
2517
2566
2518
2567
2519
2568
2520
2569
2521
2570
2522
2571
2523
2572
2524
2573
2525
2574
2526
2575
2527
2576
2528
2577
2529
2578
2530
2579
2531
2580
2532
2581
2533
2582
2534
2583
2535
2584
2536
2585
2537
2586
2538
2587
2539
2588
2540
2589
2541
2590
2542
2591
2543
2592
2544
2593
2545
2594
2546
2595
2547
2596
2548
2597
2549
2598
2599
2551
2600
2552
2601
2553
2602
2554
2603
2555
2604
2556
2605
2557
2606
2558
2607
2559
2608
2560
2609
2561
2610
2562
2611
2563
2612
2564
2613
2565
2614
2566
2615
2567
2616
2568
2617
2569
2618
2570
2619
2571
2620
2572
2621
2573
2622
2574
2623
2575
2624
2576
2625
2577
2626
2578
2627
2579
2628
2580
2629
2581
2630
2582
2631
2583
2632
2584
2633
2585
2634
2586
2635
2587
2636
2588
2637
2589
2638
2590
2639
2591
2640
2592
2641
2593
2642
2594
2643
2595
2644
2596
2645
2597
2646
2598
2647
2599
2648
2649
2601
2650
2602
2651
2603
2652
2604
2653
2605
2654
2606
2655
2607
2656
2608
2657
2609
2658
2610
2659
2611
2660
2612
2661
2613
2662
2614
2663
2615
2664
2616
2665
2617
2666
2618
2667
2619
2668
2620
2669
2621
2670
2622
2671
2623
2672
2624
2673
2625
2674
2626
2675
2627
2676
2628
2677
2629
2678
2630
2679
2631
2680
2632
2681
2633
2682
2634
2683
2635
2684
2636
2685
2637
2686
2638
2687
2639
2688
2640
2689
2641
2690
2642
2691
2643
2692
2644
2693
2645
2694
2646
2695
2647
2696
2648
2697
2649
2698
2699
2651
2700
2652
2701
2653
2702
2654
2703
2655
2704
2656
2705
2657
2706
2658
2707
2659
2708
2660
2709
2661
2710
2662
2711
2663
2712
2664
2713
2665
2714
2666
2715
2667
2716
2668
2717
2669
2718
2670
2719
2671
2720
2672
2721
2673
2722
2674
2723
2675
2724
2676
2725
2677
2726
2678
2727
2679
2728
2680
2729
2681
2730
2682
2731
2683
2732
2684
2733
2685
2734
2686
2735
2687
2736
2688
2737
2689
2738
2690
2739
2691
2740
2692
2741
2693
2742
2694
2743
2695
2744
2696
2745
2697
2746
2698
2747
2699
2748
2749
2701
2750
2702
2751
2703
2752
2704
2753
2705
2754
2706
2755
2707
2756
2708
2757
2709
2758
2710
2759
2711
2760
2712
2761
2713
2762
2714
2763
2715
2764
2716
2765
2717
2766
2718
2767
2719
2768
2720
2769
2721
2770
2722
2771
2723
2772
2724
2773
2725
2774
2726
2775
2727
2776
2728
2777
2729
2778
2730
2779
2731
2780
2732
2781
2733
2782
2734
2783
2735
2784
2736
2785
2737
2786
2738
2787
2739
2788
2740
2789
2741
2790
2742
2791
2743
2792
2744
2793
2745
2794
2746
2795
2747
2796
2748
2797
2749
2798
2799
2751
2800
2752
2801
2753
2802
2754
2803
2755
2804
2756
2805
2757
2806
2758
2807
2759
2808
2760
2809
2761
2810
2762
2811
2763
2812
2764
2813
2765
2814
2766
2815
2767
2816
2768
2817
2769
2818
2770
2819
2771
2820
2772
2821
2773
2822
2774
2823
2775
2824
2776
2825
2777
2826
2778
2827
2779
2828
2780
2829
2781
2830
2782
2831
2783
2832
2784
2833
2785
2834
2786
2835
2787
2836
2788
2837
2789
2838
2790
2839
2791
2840
2792
2841
2793
2842
2794
2843
2795
2844
2796
2845
2797
2846
2798
2847
2799
2848
2849
2801
2850
4309
2802
2851
2803
2852
2804
2853
2805
2854
2806
2855
2807
2856
2808
2857
2809
2858
2810
2859
2811
2860
2812
2861
2813
2862
2814
2863
2815
2864
2816
2865
2817
2866
2818
2867
2819
2868
2820
2869
2821
2870
2822
2871
2823
2872
2824
2873
2825
2874
2826
2875
2827
2876
2828
2877
2829
2878
2830
2879
2831
2880
2832
2881
2833
2882
2834
2883
2835
2884
2836
2885
2837
2886
2838
2887
2839
2888
2840
2889
2841
2890
2842
2891
2843
2892
2844
2893
2845
2894
2846
2895
2847
2896
2848
2897
2849
2898
2899
2851
2900
4319
2852
2901
2853
2902
2854
2903
2855
2904
2856
2905
2857
2906
2858
2907
2859
2908
2860
2909
2861
2910
2862
2911
2863
2912
2864
2913
2865
2914
2866
2915
2867
2916
2868
2917
2869
2918
2870
2919
2871
2920
2872
2921
2873
2922
2874
2923
2875
2924
2876
2925
2877
2926
2878
2927
2879
2928
2880
2929
2881
2930
2882
2931
2883
2932
2884
2933
2885
2934
2886
2935
2887
2936
2888
2937
2889
2938
2890
2939
2891
2940
2892
2941
2893
2942
2894
2943
2895
2944
2896
2945
2897
2946
2898
2947
2899
2948
2949
2901
2950
4329
2902
2951
2903
2952
2904
2953
2905
2954
2906
2955
2907
2956
2908
2957
2909
2958
2910
2959
2911
2960
2912
2961
2913
2962
2914
2963
2915
2964
2916
2965
2917
2966
2918
2967
2919
2968
2920
2969
2921
2970
2922
2971
2923
2972
2924
2973
2925
2974
2926
2975
2927
2976
2928
2977
2929
2978
2930
2979
2931
2980
2932
2981
2933
2982
2934
2983
2935
2984
2936
2985
2937
2986
2938
2987
2939
2988
2940
2989
2941
2990
2942
2991
2943
2992
2944
2993
2945
2994
2946
2995
2947
2996
2948
2997
2949
2998
2999
2951
3000
4339
2952
3001
2953
3002
2954
3003
2955
3004
2956
3005
2957
3006
2958
3007
2959
3008
2960
3009
2961
3010
2962
3011
2963
3012
2964
3013
2965
3014
2966
3015
2967
3016
2968
3017
2969
3018
2970
3019
2971
3020
2972
3021
2973
3022
2974
3023
2975
3024
2976
3025
2977
3026
2978
3027
2979
3028
2980
3029
2981
3030
2982
3031
2983
3032
2984
3033
2985
3034
2986
3035
2987
3036
2988
3037
2989
3038
2990
3039
2991
3040
2992
3041
2993
3042
2994
3043
2995
3044
2996
3045
2997
3046
2998
3047
2999
3048
3049
3001
3050
4349
3002
3051
3003
3052
3004
3053
3005
3054
3006
3055
3007
3056
3008
3057
3009
3058
3010
3059
3011
3060
3012
3061
3013
3062
3014
3063
3015
3064
3016
3065
3017
3066
3018
3067
3019
3068
3020
3069
3021
3070
3022
3071
3023
3072
3024
3073
3025
3074
3026
3075
3027
3076
3028
3077
3029
3078
3030
3079
3031
3080
3032
3081
3033
3082
3034
3083
3035
3084
3036
3085
3037
3086
3038
3087
3039
3088
3040
3089
3041
3090
3042
3091
3043
3092
3044
3093
3045
3094
3046
3095
3047
3096
3048
3097
3049
3098
3099
3051
3100
4359
3052
3101
3053
3102
3054
3103
3055
3104
3056
3105
3057
3106
3058
3107
3059
3108
3060
3109
3061
3110
3062
3111
3063
3112
3064
3113
3065
3114
3066
3115
3067
3116
3068
3117
3069
3118
3070
3119
3071
3120
3072
3121
3073
3122
3074
3123
3075
3124
3076
3125
3077
3126
3078
3127
3079
3128
3080
3129
3081
3130
3082
3131
3083
3132
3084
3133
3085
3134
3086
3135
3087
3136
3088
3137
3089
3138
3090
3139
3091
3140
3092
3141
3093
3142
3094
3143
3095
3144
3096
3145
3097
3146
3098
3147
3099
3148
3149
3101
3150
4369
3102
3151
3103
3152
3104
3153
3105
3154
3106
3155
3107
3156
3108
3157
3109
3158
3110
3159
3111
3160
3112
3161
3113
3162
3114
3163
3115
3164
3116
3165
3117
3166
3118
3167
3119
3168
3120
3169
3121
3170
3122
3171
3123
3172
3124
3173
3125
3174
3126
3175
3127
3176
3128
3177
3129
3178
3130
3179
3131
3180
3132
3181
3133
3182
3134
3183
3135
3184
3136
3185
3137
3186
3138
3187
3139
3188
3140
3189
3141
3190
3142
3191
3143
3192
3144
3193
3145
3194
3146
3195
3147
3196
3148
3197
3149
3198
3199
3151
3200
4379
3152
3201
3153
3202
3154
3203
3155
3204
3156
3205
3157
3206
3158
3207
3159
3208
3160
3209
3161
3210
3162
3211
3163
3212
3164
3213
3165
3214
3166
3215
3167
3216
3168
3217
3169
3218
3170
3219
3171
3220
3172
3221
3173
3222
3174
3223
3175
3224
3176
3225
3177
3226
3178
3227
3179
3228
3180
3229
3181
3230
3182
3231
3183
3232
3184
3233
3185
3234
3186
3235
3187
3236
3188
3237
3189
3238
3190
3239
3191
3240
3192
3241
3193
3242
3194
3243
3195
3244
3196
3245
3197
3246
3198
3247
3199
3248
3249
3201
3250
4389
3202
3251
3203
3252
3204
3253
3205
3254
3206
3255
3207
3256
3208
3257
3209
3258
3210
3259
3211
3260
3212
3261
3213
3262
3214
3263
3215
3264
3216
3265
3217
3266
3218
3267
3219
3268
3220
3269
3221
3270
3222
3271
3223
3272
3224
3273
3225
3274
3226
3275
3227
3276
3228
3277
3229
3278
3230
3279
3231
3280
3232
3281
3233
3282
3234
3283
3235
3284
3236
3285
3237
3286
3238
3287
3239
3288
3240
3289
3241
3290
3242
3291
3243
3292
3244
3293
3245
3294
3246
3295
3247
3296
3248
3297
3249
3298
3299
3251
3300
4399
3252
3301
3253
3302
3254
3303
3255
3304
3256
3305
3257
3306
3258
3307
3259
3308
3260
3309
3261
3310
3262
3311
3263
3312
3264
3313
3265
3314
3266
3315
3267
3316
3268
3317
3269
3318
3270
3319
3271
3320
3272
3321
3273
3322
3274
3323
3275
3324
3276
3325
3277
3326
3278
3327
3279
3328
3280
3329
3281
3330
3282
3331
3283
3332
3284
3333
3285
3334
3286
3335
3287
3336
3288
3337
3289
3338
3290
3339
3291
3340
3292
3341
3293
3342
3294
3343
3295
3344
3296
3345
3297
3346
3298
3347
3299
3348
3349
3301
3350
4409
3302
3351
3303
3352
3304
3353
3305
3354
3306
3355
3307
3356
3308
3357
3309
3358
3310
3359
3311
3360
3312
3361
3313
3362
3314
3363
3315
3364
3316
3365
3317
3366
3318
3367
3319
3368
3320
3369
3321
3370
3322
3371
3323
3372
3324
3373
3325
3374
3326
3375
3327
3376
3328
3377
3329
3378
3330
3379
3331
3380
3332
3381
3333
3382
3334
3383
3335
3384
3336
3385
3337
3386
3338
3387
3339
3388
3340
3389
3341
3390
3342
3391
3343
3392
3344
3393
3345
3394
3346
3395
3347
3396
3348
3397
3349
3398
3399
3351
3400
4419
3352
3401
3353
3402
3354
3403
3355
3404
3356
3405
3357
3406
3358
3407
3359
3408
3360
3409
3361
3410
3362
3411
3363
3412
3364
3413
3365
3414
3366
3415
3367
3416
3368
3417
3369
3418
3370
3419
3371
3420
3372
3421
3373
3422
3374
3423
3375
3424
3376
3425
3377
3426
3378
3427
3379
3428
3380
3429
3381
3430
3382
3431
3383
3432
3384
3433
3385
3434
3386
3435
3387
3436
3388
3437
3389
3438
3390
3439
3391
3440
3392
3441
3393
3442
3394
3443
3395
3444
3396
3445
3397
3446
3398
3447
3399
3448
3449
3401
3450
4429
3402
3451
3403
3452
3404
3453
3405
3454
3406
3455
3407
3456
3408
3457
3409
3458
3410
3459
3411
3460
3412
3461
3413
3462
3414
3463
3415
3464
3416
3465
3417
3466
3418
3467
3419
3468
3420
3469
3421
3470
3422
3471
3423
3472
3424
3473
3425
3474
3426
3475
3427
3476
3428
3477
3429
3478
3430
3479
3431
3480
3432
3481
3433
3482
3434
3483
3435
3484
3436
3485
3437
3486
3438
3487
3439
3488
3440
3489
3441
3490
3442
3491
3443
3492
3444
3493
3445
3494
3446
3495
3447
3496
3448
3497
3449
3498
3499
3451
3500
4439
3452
3501
3453
3502
3454
3503
3455
3504
3456
3505
3457
3506
3458
3507
3459
3508
3460
3509
3461
3510
3462
3511
3463
3512
3464
3513
3465
3514
3466
3515
3467
3516
3468
3517
3469
3518
3470
3519
3471
3520
3472
3521
3473
3522
3474
3523
3475
3524
3476
3525
3477
3526
3478
3527
3479
3528
3480
3529
3481
3530
3482
3531
3483
3532
3484
3533
3485
3534
3486
3535
3487
3536
3488
3537
3489
3538
3490
3539
3491
3540
3492
3541
3493
3542
3494
3543
3495
3544
3496
3545
3497
3546
3498
3547
3499
3548
3549
3501
3550
4449
3502
3551
3503
3552
3504
3553
3505
3554
3506
3555
3507
3556
3508
3557
3509
3558
3510
3559
3511
3560
3512
3561
3513
3562
3514
3563
3515
3564
3516
3565
3517
3566
3518
3567
3519
3568
3520
3569
3521
3570
3522
3571
3523
3572
3524
3573
3525
3574
3526
3575
3527
3576
3528
3577
3529
3578
3530
3579
3531
3580
3532
3581
3533
3582
3534
3583
3535
3584
3536
3585
3537
3586
3538
3587
3539
3588
3540
3589
3541
3590
3542
3591
3543
3592
3544
3593
3545
3594
3546
3595
3547
3596
3548
3597
3549
3598
3599
3551
3600
4459
3552
3601
3553
3602
3554
3603
3555
3604
3556
3605
3557
3606
3558
3607
3559
3608
3560
3609
3561
3610
3562
3611
3563
3612
3564
3613
3565
3614
3566
3615
3567
3616
3568
3617
3569
3618
3570
3619
3571
3620
3572
3621
3573
3622
3574
3623
3575
3624
3576
3625
3577
3626
3578
3627
3579
3628
3580
3629
3581
3630
3582
3631
3583
3632
3584
3633
3585
3634
3586
3635
3587
3636
3588
3637
3589
3638
3590
3639
3591
3640
3592
3641
3593
3642
3594
3643
3595
3644
3596
3645
3597
3646
3598
3647
3599
3648
3649
3601
3650
4469
3602
3651
3603
3652
3604
3653
3605
3654
3606
3655
3607
3656
3608
3657
3609
3658
3610
3659
3611
3660
3612
3661
3613
3662
3614
3663
3615
3664
3616
3665
3617
3666
3618
3667
3619
3668
3620
3669
3621
3670
3622
3671
3623
3672
3624
3673
3625
3674
3626
3675
3627
3676
3628
3677
3629
3678
3630
3679
3631
3680
3632
3681
3633
3682
3634
3683
3635
3684
3636
3685
3637
3686
3638
3687
3639
3688
3640
3689
3641
3690
3642
3691
3643
3692
3644
3693
3645
3694
3646
3695
3647
3696
3648
3697
3649
3698
3699
3651
3700
4479
3652
3701
3653
3702
3654
3703
3655
3704
3656
3705
3657
3706
3658
3707
3659
3708
3660
3709
3661
3710
3662
3711
3663
3712
3664
3713
3665
3714
3666
3715
3667
3716
3668
3717
3669
3718
3670
3719
3671
3720
3672
3721
3673
3722
3674
3723
3675
3724
3676
3725
3677
3726
3678
3727
3679
3728
3680
3729
3681
3730
3682
3731
3683
3732
3684
3733
3685
3734
3686
3735
3687
3736
3688
3737
3689
3738
3690
3739
3691
3740
3692
3741
3693
3742
3694
3743
3695
3744
3696
3745
3697
3746
3698
3747
3699
3748
3749
3701
3750
4489
3702
3751
3703
3752
3704
3753
3705
3754
3706
3755
3707
3756
3708
3757
3709
3758
3710
3759
3711
3760
3712
3761
3713
3762
3714
3763
3715
3764
3716
3765
3717
3766
3718
3767
3719
3768
3720
3769
3721
3770
3722
3771
3723
3772
3724
3773
3725
3774
3726
3775
3727
3776
3728
3777
3729
3778
3730
3779
3731
3780
3732
3781
3733
3782
3734
3783
3735
3784
3736
3785
3737
3786
3738
3787
3739
3788
3740
3789
3741
3790
3742
3791
3743
3792
3744
3793
3745
3794
3746
3795
3747
3796
3748
3797
3749
3798
3799
3751
3800
4499
3752
3801
3753
3802
3754
3803
3755
3804
3756
3805
3757
3806
3758
3807
3759
3808
3760
3809
3761
3810
3762
3811
3763
3812
3764
3813
3765
3814
3766
3815
3767
3816
3768
3817
3769
3818
3770
3819
3771
3820
3772
3821
3773
3822
3774
3823
3775
3824
3776
3825
3777
3826
3778
3827
3779
3828
3780
3829
3781
3830
3782
3831
3783
3832
3784
3833
3785
3834
3786
3835
3787
3836
3788
3837
3789
3838
3790
3839
3791
3840
3792
3841
3793
3842
3794
3843
3795
3844
3796
3845
3797
3846
3798
3847
3799
3848
3849
3801
3850
4509
3802
3851
3803
3852
3804
3853
3805
3854
3806
3855
3807
3856
3808
3857
3809
3858
3810
3859
3811
3860
3812
3861
3813
3862
3814
3863
3815
3864
3816
3865
3817
3866
3818
3867
3819
3868
3820
3869
3821
3870
3822
3871
3823
3872
3824
3873
3825
3874
3826
3875
3827
3876
3828
3877
3829
3878
3830
3879
3831
3880
3832
3881
3833
3882
3834
3883
3835
3884
3836
3885
3837
3886
3838
3887
3839
3888
3840
3889
3841
3890
3842
3891
3843
3892
3844
3893
3845
3894
3846
3895
3847
3896
3848
3897
3849
3898
3899
3851
3900
4519
3852
3901
3853
3902
3854
3903
3855
3904
3856
3905
3857
3906
3858
3907
3859
3908
3860
3909
3861
3910
3862
3911
3863
3912
3864
3913
3865
3914
3866
3915
3867
3916
3868
3917
3869
3918
3870
3919
3871
3920
3872
3921
3873
3922
3874
3923
3875
3924
3876
3925
3877
3926
3878
3927
3879
3928
3880
3929
3881
3930
3882
3931
3883
3932
3884
3933
3885
3934
3886
3935
3887
3936
3888
3937
3889
3938
3890
3939
3891
3940
3892
3941
3893
3942
3894
3943
3895
3944
3896
3945
3897
3946
3898
3947
3899
3948
3949
3901
3950
4529
3902
3951
3903
3952
3904
3953
3905
3954
3906
3955
3907
3956
3908
3957
3909
3958
3910
3959
3911
3960
3912
3961
3913
3962
3914
3963
3915
3964
3916
3965
3917
3966
3918
3967
3919
3968
3920
3969
3921
3970
3922
3971
3923
3972
3924
3973
3925
3974
3926
3975
3927
3976
3928
3977
3929
3978
3930
3979
3931
3980
3932
3981
3933
3982
3934
3983
3935
3984
3936
3985
3937
3986
3938
3987
3939
3988
3940
3989
3941
3990
3942
3991
3943
3992
3944
3993
3945
3994
3946
3995
3947
3996
3948
3997
3949
3998
3999
3951
4000
4539
3952
4001
3953
4002
3954
4003
3955
4004
3956
4005
3957
4006
3958
4007
3959
4008
3960
4009
3961
4010
3962
4011
3963
4012
3964
4013
3965
4014
3966
4015
3967
4016
3968
4017
3969
4018
3970
4019
3971
4020
3972
4021
3973
4022
3974
4023
3975
4024
3976
4025
3977
4026
3978
4027
3979
4028
3980
4029
3981
4030
3982
4031
3983
4032
3984
4033
3985
4034
3986
4035
3987
4036
3988
4037
3989
4038
3990
4039
3991
4040
3992
4041
3993
4042
3994
4043
3995
4044
3996
4045
3997
4046
3998
4047
3999
4048
4049
4001
4050
4549
4002
4051
4003
4052
4004
4053
4005
4054
4006
4055
4007
4056
4008
4057
4009
4058
4010
4059
4011
4060
4012
4061
4013
4062
4014
4063
4015
4064
4016
4065
4017
4066
4018
4067
4019
4068
4020
4069
4021
4070
4022
4071
4023
4072
4024
4073
4025
4074
4026
4075
4027
4076
4028
4077
4029
4078
4030
4079
4031
4080
4032
4081
4033
4082
4034
4083
4035
4084
4036
4085
4037
4086
4038
4087
4039
4088
4040
4089
4041
4090
4042
4091
4043
4092
4044
4093
4045
4094
4046
4095
4047
4096
4048
4097
4049
4098
4099
4051
4100
4559
4052
4101
4053
4102
4054
4103
4055
4104
4056
4105
4057
4106
4058
4107
4059
4108
4060
4109
4061
4110
4062
4111
4063
4112
4064
4113
4065
4114
4066
4115
4067
4116
4068
4117
4069
4118
4070
4119
4071
4120
4072
4121
4073
4122
4074
4123
4075
4124
4076
4125
4077
4126
4078
4127
4079
4128
4080
4129
4081
4130
4082
4131
4083
4132
4084
4133
4085
4134
4086
4135
4087
4136
4088
4137
4089
4138
4090
4139
4091
4140
4092
4141
4093
4142
4094
4143
4095
4144
4096
4145
4097
4146
4098
4147
4099
4148
4149
4101
4150
4569
4102
4151
4103
4152
4104
4153
4105
4154
4106
4155
4107
4156
4108
4157
4109
4158
4110
4159
4111
4160
4112
4161
4113
4162
4114
4163
4115
4164
4116
4165
4117
4166
4118
4167
4119
4168
4120
4169
4121
4170
4122
4171
4123
4172
4124
4173
4125
4174
4126
4175
4127
4176
4128
4177
4129
4178
4130
4179
4131
4180
4132
4181
4133
4182
4134
4183
4135
4184
4136
4185
4137
4186
4138
4187
4139
4188
4140
4189
4141
4190
4142
4191
4143
4192
4144
4193
4145
4194
4146
4195
4147
4196
4148
4197
4149
4198
4199
4151
4200
4579
4152
4201
4153
4202
4154
4203
4155
4204
4156
4205
4157
4206
4158
4207
4159
4208
4160
4209
4161
4210
4162
4211
4163
4212
4164
4213
4165
4214
4166
4215
4167
4216
4168
4217
4169
4218
4170
4219
4171
4220
4172
4221
4173
4222
4174
4223
4175
4224
4176
4225
4177
4226
4178
4227
4179
4228
4180
4229
4181
4230
4182
4231
4183
4232
4184
4233
4185
4234
4186
4235
4187
4236
4188
4237
4189
4238
4190
4239
4191
4240
4192
4241
4193
4242
4194
4243
4195
4244
4196
4245
4197
4246
4198
4247
4199
4248
4249
4201
4250
4589
4202
4251
4203
4252
4204
4253
4205
4254
4206
4255
4207
4256
4208
4257
4209
4258
4210
4259
4211
4260
4212
4261
4213
4262
4214
4263
4215
4264
4216
4265
4217
4266
4218
4267
4219
4268
4220
4269
4221
4270
4222
4271
4223
4272
4224
4273
4225
4274
4226
4275
4227
4276
4228
4277
4229
4278
4230
4279
4231
4280
4232
4281
4233
4282
4234
4283
4235
4284
4236
4285
4237
4286
4238
4287
4239
4288
4240
4289
4241
4290
4242
4291
4243
4292
4244
4293
4245
4294
4246
4295
4247
4296
4248
4297
4249
4298
4299
4251
4599
4252
4253
4254
4255
4256
4257
4258
4259
4260
4261
4262
4263
4264
4265
4266
4267
4268
4269
4270
4271
4272
4273
4274
4275
4276
4277
4278
4279
4280
4281
4282
4283
4284
4285
4286
4287
4288
4289
4290
4291
4292
4293
4294
4295
4296
4297
4298
4299
4301
4310
4302
4311
4303
4312
4304
4313
4305
4314
4306
4315
4307
4316
4308
4317
4309
4318
4319
4311
4320
4312
4321
4313
4322
4314
4323
4315
4324
4316
4325
4317
4326
4318
4327
4319
4328
4329
4321
4330
4322
4331
4323
4332
4324
4333
4325
4334
4326
4335
4327
4336
4328
4337
4329
4338
4339
4331
4340
4332
4341
4333
4342
4334
4343
4335
4344
4336
4345
4337
4346
4338
4347
4339
4348
4349
4341
4350
4342
4351
4343
4352
4344
4353
4345
4354
4346
4355
4347
4356
4348
4357
4349
4358
4359
4351
4360
4352
4361
4353
4362
4354
4363
4355
4364
4356
4365
4357
4366
4358
4367
4359
4368
4369
4361
4370
4362
4371
4363
4372
4364
4373
4365
4374
4366
4375
4367
4376
4368
4377
4369
4378
4379
4371
4380
4372
4381
4373
4382
4374
4383
4375
4384
4376
4385
4377
4386
4378
4387
4379
4388
4389
4381
4390
4382
4391
4383
4392
4384
4393
4385
4394
4386
4395
4387
4396
4388
4397
4389
4398
4399
4391
4400
4392
4401
4393
4402
4394
4403
4395
4404
4396
4405
4397
4406
4398
4407
4399
4408
4409
4401
4410
4402
4411
4403
4412
4404
4413
4405
4414
4406
4415
4407
4416
4408
4417
4409
4418
4419
4411
4420
4412
4421
4413
4422
4414
4423
4415
4424
4416
4425
4417
4426
4418
4427
4419
4428
4429
4421
4430
4422
4431
4423
4432
4424
4433
4425
4434
4426
4435
4427
4436
4428
4437
4429
4438
4439
4431
4440
4432
4441
4433
4442
4434
4443
4435
4444
4436
4445
4437
4446
4438
4447
4439
4448
4449
4441
4450
4442
4451
4443
4452
4444
4453
4445
4454
4446
4455
4447
4456
4448
4457
4449
4458
4459
4451
4460
4452
4461
4453
4462
4454
4463
4455
4464
4456
4465
4457
4466
4458
4467
4459
4468
4469
4461
4470
4462
4471
4463
4472
4464
4473
4465
4474
4466
4475
4467
4476
4468
4477
4469
4478
4479
4471
4480
4472
4481
4473
4482
4474
4483
4475
4484
4476
4485
4477
4486
4478
4487
4479
4488
4489
4481
4490
4482
4491
4483
4492
4484
4493
4485
4494
4486
4495
4487
4496
4488
4497
4489
4498
4499
4491
4500
4492
4501
4493
4502
4494
4503
4495
4504
4496
4505
4497
4506
4498
4507
4499
4508
4509
4501
4510
4502
4511
4503
4512
4504
4513
4505
4514
4506
4515
4507
4516
4508
4517
4509
4518
4519
4511
4520
4512
4521
4513
4522
4514
4523
4515
4524
4516
4525
4517
4526
4518
4527
4519
4528
4529
4521
4530
4522
4531
4523
4532
4524
4533
4525
4534
4526
4535
4527
4536
4528
4537
4529
4538
4539
4531
4540
4532
4541
4533
4542
4534
4543
4535
4544
4536
4545
4537
4546
4538
4547
4539
4548
4549
4541
4550
4542
4551
4543
4552
4544
4553
4545
4554
4546
4555
4547
4556
4548
4557
4549
4558
4559
4551
4560
4552
4561
4553
4562
4554
4563
4555
4564
4556
4565
4557
4566
4558
4567
4559
4568
4569
4561
4570
4562
4571
4563
4572
4564
4573
4565
4574
4566
4575
4567
4576
4568
4577
4569
4578
4579
4571
4580
4572
4581
4573
4582
4574
4583
4575
4584
4576
4585
4577
4586
4578
4587
4579
4588
4589
4581
4590
4582
4591
4583
4592
4584
4593
4585
4594
4586
4595
4587
4596
4588
4597
4589
4598
4599
4591
4592
4593
4594
4595
4596
4597
4598
4599
4601
4610
4809
6200
4602
4611
6230
4603
4612
6260
4604
4613
6290
4605
4614
6320
4606
4615
6350
4607
4616
6380
4608
4617
6410
4609
4618
6440
4619
6470
6699
4611
4620
4819
4612
4621
4613
4622
4614
4623
4615
4624
4616
4625
4617
4626
4618
4627
4619
4628
4629
6689
4621
4630
4829
4622
4631
4623
4632
4624
4633
4625
4634
4626
4635
4627
4636
4628
4637
4629
4638
4639
6679
4631
4640
4839
4632
4641
4633
4642
4634
4643
4635
4644
4636
4645
4637
4646
4638
4647
4639
4648
4649
6669
4641
4650
4849
4642
4651
4643
4652
4644
4653
4645
4654
4646
4655
4647
4656
4648
4657
4649
4658
4659
6659
4651
4660
4859
4652
4661
4653
4662
4654
4663
4655
4664
4656
4665
4657
4666
4658
4667
4659
4668
4669
6649
4661
4670
4869
4662
4671
4663
4672
4664
4673
4665
4674
4666
4675
4667
4676
4668
4677
4669
4678
4679
6639
4671
4680
4879
4672
4681
4673
4682
4674
4683
4675
4684
4676
4685
4677
4686
4678
4687
4679
4688
4689
6629
4681
4690
4889
4682
4691
4683
4692
4684
4693
4685
4694
4686
4695
4687
4696
4688
4697
4689
4698
4699
6619
4691
4700
4899
4692
4701
4693
4702
4694
4703
4695
4704
4696
4705
4697
4706
4698
4707
4699
4708
4709
6609
4701
4710
4909
4702
4711
4703
4712
4704
4713
4705
4714
4706
4715
4707
4716
4708
4717
4709
4718
4719
6599
4711
4720
4919
4712
4721
4713
4722
4714
4723
4715
4724
4716
4725
4717
4726
4718
4727
4719
4728
4729
6589
4721
4730
4929
4722
4731
4723
4732
4724
4733
4725
4734
4726
4735
4727
4736
4728
4737
4729
4738
4739
6579
4731
4740
4939
4732
4741
4733
4742
4734
4743
4735
4744
4736
4745
4737
4746
4738
4747
4739
4748
4749
6569
4741
4750
4949
4742
4751
4743
4752
4744
4753
4745
4754
4746
4755
4747
4756
4748
4757
4749
4758
4759
6559
4751
4760
4959
4752
4761
4753
4762
4754
4763
4755
4764
4756
4765
4757
4766
4758
4767
4759
4768
4769
6549
4761
4770
4969
4762
4771
4763
4772
4764
4773
4765
4774
4766
4775
4767
4776
4768
4777
4769
4778
4779
6539
4771
4780
4979
4772
4781
4773
4782
4774
4783
4775
4784
4776
4785
4777
4786
4778
4787
4779
4788
4789
6529
4781
4790
4989
4782
4791
4783
4792
4784
4793
4785
4794
4786
4795
4787
4796
4788
4797
4789
4798
4799
6519
4791
4999
4792
4793
4794
4795
4796
4797
4798
4799
6509
4801
4810
5290
4802
4811
5291
4803
4812
5292
4804
4813
5293
4805
4814
5294
4806
4815
5295
4807
4816
5296
4808
4817
5297
4809
4818
5298
4819
5299
4811
4820
4812
4821
4813
4822
4814
4823
4815
4824
4816
4825
4817
4826
4818
4827
4819
4828
4829
4821
4830
4822
4831
4823
4832
4824
4833
4825
4834
4826
4835
4827
4836
4828
4837
4829
4838
4839
4831
4840
4832
4841
4833
4842
4834
4843
4835
4844
4836
4845
4837
4846
4838
4847
4839
4848
4849
4841
4850
4842
4851
4843
4852
4844
4853
4845
4854
4846
4855
4847
4856
4848
4857
4849
4858
4859
4851
4860
4852
4861
4853
4862
4854
4863
4855
4864
4856
4865
4857
4866
4858
4867
4859
4868
4869
4861
4870
4862
4871
4863
4872
4864
4873
4865
4874
4866
4875
4867
4876
4868
4877
4869
4878
4879
4871
4880
4872
4881
4873
4882
4874
4883
4875
4884
4876
4885
4877
4886
4878
4887
4879
4888
4889
4881
4890
4882
4891
4883
4892
4884
4893
4885
4894
4886
4895
4887
4896
4888
4897
4889
4898
4899
4891
4900
4892
4901
4893
4902
4894
4903
4895
4904
4896
4905
4897
4906
4898
4907
4899
4908
4909
4901
4910
4902
4911
4903
4912
4904
4913
4905
4914
4906
4915
4907
4916
4908
4917
4909
4918
4919
4911
4920
4912
4921
4913
4922
4914
4923
4915
4924
4916
4925
4917
4926
4918
4927
4919
4928
4929
4921
4930
4922
4931
4923
4932
4924
4933
4925
4934
4926
4935
4927
4936
4928
4937
4929
4938
4939
4931
4940
4932
4941
4933
4942
4934
4943
4935
4944
4936
4945
4937
4946
4938
4947
4939
4948
4949
4941
4950
4942
4951
4943
4952
4944
4953
4945
4954
4946
4955
4947
4956
4948
4957
4949
4958
4959
4951
4960
4952
4961
4953
4962
4954
4963
4955
4964
4956
4965
4957
4966
4958
4967
4959
4968
4969
4961
4970
4962
4971
4963
4972
4964
4973
4965
4974
4966
4975
4967
4976
4968
4977
4969
4978
4979
4971
4980
4972
4981
4973
4982
4974
4983
4975
4984
4976
4985
4977
4986
4978
4987
4979
4988
4989
4981
4990
4982
4991
4983
4992
4984
4993
4985
4994
4986
4995
4987
4996
4988
4997
4989
4998
4999
4991
4992
4993
4994
4995
4996
4997
4998
4999
5001
5010
5002
5011
5003
5012
5004
5013
5005
5014
5006
5015
5007
5016
5008
5017
5009
5018
5019
5300
5011
5020
5012
5021
5013
5022
5014
5023
5015
5024
5016
5025
5017
5026
5018
5027
5019
5028
5029
5330
5021
5030
5022
5031
5023
5032
5024
5033
5025
5034
5026
5035
5027
5036
5028
5037
5029
5038
5039
5360
5031
5040
5032
5041
5033
5042
5034
5043
5035
5044
5036
5045
5037
5046
5038
5047
5039
5048
5049
5390
5041
5050
5042
5051
5043
5052
5044
5053
5045
5054
5046
5055
5047
5056
5048
5057
5049
5058
5059
5420
5051
5060
5052
5061
5053
5062
5054
5063
5055
5064
5056
5065
5057
5066
5058
5067
5059
5068
5069
5450
5061
5070
5062
5071
5063
5072
5064
5073
5065
5074
5066
5075
5067
5076
5068
5077
5069
5078
5079
5480
5071
5080
5072
5081
5073
5082
5074
5083
5075
5084
5076
5085
5077
5086
5078
5087
5079
5088
5089
5510
5081
5090
5082
5091
5083
5092
5084
5093
5085
5094
5086
5095
5087
5096
5088
5097
5089
5098
5099
5540
5091
5100
5092
5101
5093
5102
5094
5103
5095
5104
5096
5105
5097
5106
5098
5107
5099
5108
5109
5570
5101
5110
5102
5111
5103
5112
5104
5113
5105
5114
5106
5115
5107
5116
5108
5117
5109
5118
5119
5600
5111
5120
5112
5121
5113
5122
5114
5123
5115
5124
5116
5125
5117
5126
5118
5127
5119
5128
5129
5630
5121
5130
5122
5131
5123
5132
5124
5133
5125
5134
5126
5135
5127
5136
5128
5137
5129
5138
5139
5660
5131
5140
5132
5141
5133
5142
5134
5143
5135
5144
5136
5145
5137
5146
5138
5147
5139
5148
5149
5690
5141
5150
5142
5151
5143
5152
5144
5153
5145
5154
5146
5155
5147
5156
5148
5157
5149
5158
5159
5720
5151
5160
5152
5161
5153
5162
5154
5163
5155
5164
5156
5165
5157
5166
5158
5167
5159
5168
5169
5750
5161
5170
5162
5171
5163
5172
5164
5173
5165
5174
5166
5175
5167
5176
5168
5177
5169
5178
5179
5780
5171
5180
5172
5181
5173
5182
5174
5183
5175
5184
5176
5185
5177
5186
5178
5187
5179
5188
5189
5810
5181
5190
5182
5191
5183
5192
5184
5193
5185
5194
5186
5195
5187
5196
5188
5197
5189
5198
5199
5840
5191
5200
5192
5201
5193
5202
5194
5203
5195
5204
5196
5205
5197
5206
5198
5207
5199
5208
5209
5870
5201
5210
5202
5211
5203
5212
5204
5213
5205
5214
5206
5215
5207
5216
5208
5217
5209
5218
5219
5900
5211
5220
5212
5221
5213
5222
5214
5223
5215
5224
5216
5225
5217
5226
5218
5227
5219
5228
5229
5930
5221
5230
5222
5231
5223
5232
5224
5233
5225
5234
5226
5235
5227
5236
5228
5237
5229
5238
5239
5960
5231
5240
5232
5241
5233
5242
5234
5243
5235
5244
5236
5245
5237
5246
5238
5247
5239
5248
5249
5990
5241
5250
5242
5251
5243
5252
5244
5253
5245
5254
5246
5255
5247
5256
5248
5257
5249
5258
5259
6020
5251
5260
5252
5261
5253
5262
5254
5263
5255
5264
5256
5265
5257
5266
5258
5267
5259
5268
5269
6050
5261
5270
5262
5271
5263
5272
5264
5273
5265
5274
5266
5275
5267
5276
5268
5277
5269
5278
5279
6080
5271
5280
5272
5281
5273
5282
5274
5283
5275
5284
5276
5285
5277
5286
5278
5287
5279
5288
5289
6110
5281
5290
5282
5291
5283
5292
5284
5293
5285
5294
5286
5295
5287
5296
5288
5297
5289
5298
5299
6140
5291
5292
5293
5294
5295
5296
5297
5298
5299
6170
5301
5330
5302
5331
5303
5332
5304
5333
5305
5334
5306
5335
5307
5336
5308
5337
5309
5338
5310
5339
5311
5340
5312
5341
5313
5342
5314
5343
5315
5344
5316
5345
5317
5346
5318
5347
5319
5348
5320
5349
5321
5350
5322
5351
5323
5352
5324
5353
5325
5354
5326
5355
5327
5356
5328
5357
5329
5358
5359
5331
5360
5332
5361
5333
5362
5334
5363
5335
5364
5336
5365
5337
5366
5338
5367
5339
5368
5340
5369
5341
5370
5342
5371
5343
5372
5344
5373
5345
5374
5346
5375
5347
5376
5348
5377
5349
5378
5350
5379
5351
5380
5352
5381
5353
5382
5354
5383
5355
5384
5356
5385
5357
5386
5358
5387
5359
5388
5389
5361
5390
5362
5391
5363
5392
5364
5393
5365
5394
5366
5395
5367
5396
5368
5397
5369
5398
5370
5399
5371
5400
5372
5401
5373
5402
5374
5403
5375
5404
5376
5405
5377
5406
5378
5407
5379
5408
5380
5409
5381
5410
5382
5411
5383
5412
5384
5413
5385
5414
5386
5415
5387
5416
5388
5417
5389
5418
5419
5391
5420
5392
5421
5393
5422
5394
5423
5395
5424
5396
5425
5397
5426
5398
5427
5399
5428
5400
5429
5401
5430
5402
5431
5403
5432
5404
5433
5405
5434
5406
5435
5407
5436
5408
5437
5409
5438
5410
5439
5411
5440
5412
5441
5413
5442
5414
5443
5415
5444
5416
5445
5417
5446
5418
5447
5419
5448
5449
5421
5450
5422
5451
5423
5452
5424
5453
5425
5454
5426
5455
5427
5456
5428
5457
5429
5458
5430
5459
5431
5460
5432
5461
5433
5462
5434
5463
5435
5464
5436
5465
5437
5466
5438
5467
5439
5468
5440
5469
5441
5470
5442
5471
5443
5472
5444
5473
5445
5474
5446
5475
5447
5476
5448
5477
5449
5478
5479
5451
5480
5452
5481
5453
5482
5454
5483
5455
5484
5456
5485
5457
5486
5458
5487
5459
5488
5460
5489
5461
5490
5462
5491
5463
5492
5464
5493
5465
5494
5466
5495
5467
5496
5468
5497
5469
5498
5470
5499
5471
5500
5472
5501
5473
5502
5474
5503
5475
5504
5476
5505
5477
5506
5478
5507
5479
5508
5509
5481
5510
5482
5511
5483
5512
5484
5513
5485
5514
5486
5515
5487
5516
5488
5517
5489
5518
5490
5519
5491
5520
5492
5521
5493
5522
5494
5523
5495
5524
5496
5525
5497
5526
5498
5527
5499
5528
5500
5529
5501
5530
5502
5531
5503
5532
5504
5533
5505
5534
5506
5535
5507
5536
5508
5537
5509
5538
5539
5511
5540
5512
5541
5513
5542
5514
5543
5515
5544
5516
5545
5517
5546
5518
5547
5519
5548
5520
5549
5521
5550
5522
5551
5523
5552
5524
5553
5525
5554
5526
5555
5527
5556
5528
5557
5529
5558
5530
5559
5531
5560
5532
5561
5533
5562
5534
5563
5535
5564
5536
5565
5537
5566
5538
5567
5539
5568
5569
5541
5570
5542
5571
5543
5572
5544
5573
5545
5574
5546
5575
5547
5576
5548
5577
5549
5578
5550
5579
5551
5580
5552
5581
5553
5582
5554
5583
5555
5584
5556
5585
5557
5586
5558
5587
5559
5588
5560
5589
5561
5590
5562
5591
5563
5592
5564
5593
5565
5594
5566
5595
5567
5596
5568
5597
5569
5598
5599
5571
5600
5572
5601
5573
5602
5574
5603
5575
5604
5576
5605
5577
5606
5578
5607
5579
5608
5580
5609
5581
5610
5582
5611
5583
5612
5584
5613
5585
5614
5586
5615
5587
5616
5588
5617
5589
5618
5590
5619
5591
5620
5592
5621
5593
5622
5594
5623
5595
5624
5596
5625
5597
5626
5598
5627
5599
5628
5629
5601
5630
5602
5631
5603
5632
5604
5633
5605
5634
5606
5635
5607
5636
5608
5637
5609
5638
5610
5639
5611
5640
5612
5641
5613
5642
5614
5643
5615
5644
5616
5645
5617
5646
5618
5647
5619
5648
5620
5649
5621
5650
5622
5651
5623
5652
5624
5653
5625
5654
5626
5655
5627
5656
5628
5657
5629
5658
5659
5631
5660
5632
5661
5633
5662
5634
5663
5635
5664
5636
5665
5637
5666
5638
5667
5639
5668
5640
5669
5641
5670
5642
5671
5643
5672
5644
5673
5645
5674
5646
5675
5647
5676
5648
5677
5649
5678
5650
5679
5651
5680
5652
5681
5653
5682
5654
5683
5655
5684
5656
5685
5657
5686
5658
5687
5659
5688
5689
5661
5690
5662
5691
5663
5692
5664
5693
5665
5694
5666
5695
5667
5696
5668
5697
5669
5698
5670
5699
5671
5700
5672
5701
5673
5702
5674
5703
5675
5704
5676
5705
5677
5706
5678
5707
5679
5708
5680
5709
5681
5710
5682
5711
5683
5712
5684
5713
5685
5714
5686
5715
5687
5716
5688
5717
5689
5718
5719
5691
5720
5692
5721
5693
5722
5694
5723
5695
5724
5696
5725
5697
5726
5698
5727
5699
5728
5700
5729
5701
5730
5702
5731
5703
5732
5704
5733
5705
5734
5706
5735
5707
5736
5708
5737
5709
5738
5710
5739
5711
5740
5712
5741
5713
5742
5714
5743
5715
5744
5716
5745
5717
5746
5718
5747
5719
5748
5749
5721
5750
5722
5751
5723
5752
5724
5753
5725
5754
5726
5755
5727
5756
5728
5757
5729
5758
5730
5759
5731
5760
5732
5761
5733
5762
5734
5763
5735
5764
5736
5765
5737
5766
5738
5767
5739
5768
5740
5769
5741
5770
5742
5771
5743
5772
5744
5773
5745
5774
5746
5775
5747
5776
5748
5777
5749
5778
5779
5751
5780
5752
5781
5753
5782
5754
5783
5755
5784
5756
5785
5757
5786
5758
5787
5759
5788
5760
5789
5761
5790
5762
5791
5763
5792
5764
5793
5765
5794
5766
5795
5767
5796
5768
5797
5769
5798
5770
5799
5771
5800
5772
5801
5773
5802
5774
5803
5775
5804
5776
5805
5777
5806
5778
5807
5779
5808
5809
5781
5810
5782
5811
5783
5812
5784
5813
5785
5814
5786
5815
5787
5816
5788
5817
5789
5818
5790
5819
5791
5820
5792
5821
5793
5822
5794
5823
5795
5824
5796
5825
5797
5826
5798
5827
5799
5828
5800
5829
5801
5830
5802
5831
5803
5832
5804
5833
5805
5834
5806
5835
5807
5836
5808
5837
5809
5838
5839
5811
5840
5812
5841
5813
5842
5814
5843
5815
5844
5816
5845
5817
5846
5818
5847
5819
5848
5820
5849
5821
5850
5822
5851
5823
5852
5824
5853
5825
5854
5826
5855
5827
5856
5828
5857
5829
5858
5830
5859
5831
5860
5832
5861
5833
5862
5834
5863
5835
5864
5836
5865
5837
5866
5838
5867
5839
5868
5869
5841
5870
5842
5871
5843
5872
5844
5873
5845
5874
5846
5875
5847
5876
5848
5877
5849
5878
5850
5879
5851
5880
5852
5881
5853
5882
5854
5883
5855
5884
5856
5885
5857
5886
5858
5887
5859
5888
5860
5889
5861
5890
5862
5891
5863
5892
5864
5893
5865
5894
5866
5895
5867
5896
5868
5897
5869
5898
5899
5871
5900
5872
5901
5873
5902
5874
5903
5875
5904
5876
5905
5877
5906
5878
5907
5879
5908
5880
5909
5881
5910
5882
5911
5883
5912
5884
5913
5885
5914
5886
5915
5887
5916
5888
5917
5889
5918
5890
5919
5891
5920
5892
5921
5893
5922
5894
5923
5895
5924
5896
5925
5897
5926
5898
5927
5899
5928
5929
5901
5930
5902
5931
5903
5932
5904
5933
5905
5934
5906
5935
5907
5936
5908
5937
5909
5938
5910
5939
5911
5940
5912
5941
5913
5942
5914
5943
5915
5944
5916
5945
5917
5946
5918
5947
5919
5948
5920
5949
5921
5950
5922
5951
5923
5952
5924
5953
5925
5954
5926
5955
5927
5956
5928
5957
5929
5958
5959
5931
5960
5932
5961
5933
5962
5934
5963
5935
5964
5936
5965
5937
5966
5938
5967
5939
5968
5940
5969
5941
5970
5942
5971
5943
5972
5944
5973
5945
5974
5946
5975
5947
5976
5948
5977
5949
5978
5950
5979
5951
5980
5952
5981
5953
5982
5954
5983
5955
5984
5956
5985
5957
5986
5958
5987
5959
5988
5989
5961
5990
5962
5991
5963
5992
5964
5993
5965
5994
5966
5995
5967
5996
5968
5997
5969
5998
5970
5999
5971
6000
5972
6001
5973
6002
5974
6003
5975
6004
5976
6005
5977
6006
5978
6007
5979
6008
5980
6009
5981
6010
5982
6011
5983
6012
5984
6013
5985
6014
5986
6015
5987
6016
5988
6017
5989
6018
6019
5991
6020
5992
6021
5993
6022
5994
6023
5995
6024
5996
6025
5997
6026
5998
6027
5999
6028
6000
6029
6001
6030
6002
6031
6003
6032
6004
6033
6005
6034
6006
6035
6007
6036
6008
6037
6009
6038
6010
6039
6011
6040
6012
6041
6013
6042
6014
6043
6015
6044
6016
6045
6017
6046
6018
6047
6019
6048
6049
6021
6050
6022
6051
6023
6052
6024
6053
6025
6054
6026
6055
6027
6056
6028
6057
6029
6058
6030
6059
6031
6060
6032
6061
6033
6062
6034
6063
6035
6064
6036
6065
6037
6066
6038
6067
6039
6068
6040
6069
6041
6070
6042
6071
6043
6072
6044
6073
6045
6074
6046
6075
6047
6076
6048
6077
6049
6078
6079
6051
6080
6052
6081
6053
6082
6054
6083
6055
6084
6056
6085
6057
6086
6058
6087
6059
6088
6060
6089
6061
6090
6062
6091
6063
6092
6064
6093
6065
6094
6066
6095
6067
6096
6068
6097
6069
6098
6070
6099
6071
6100
6072
6101
6073
6102
6074
6103
6075
6104
6076
6105
6077
6106
6078
6107
6079
6108
6109
6081
6110
6082
6111
6083
6112
6084
6113
6085
6114
6086
6115
6087
6116
6088
6117
6089
6118
6090
6119
6091
6120
6092
6121
6093
6122
6094
6123
6095
6124
6096
6125
6097
6126
6098
6127
6099
6128
6100
6129
6101
6130
6102
6131
6103
6132
6104
6133
6105
6134
6106
6135
6107
6136
6108
6137
6109
6138
6139
6111
6140
6112
6141
6113
6142
6114
6143
6115
6144
6116
6145
6117
6146
6118
6147
6119
6148
6120
6149
6121
6150
6122
6151
6123
6152
6124
6153
6125
6154
6126
6155
6127
6156
6128
6157
6129
6158
6130
6159
6131
6160
6132
6161
6133
6162
6134
6163
6135
6164
6136
6165
6137
6166
6138
6167
6139
6168
6169
6141
6170
6142
6171
6143
6172
6144
6173
6145
6174
6146
6175
6147
6176
6148
6177
6149
6178
6150
6179
6151
6180
6152
6181
6153
6182
6154
6183
6155
6184
6156
6185
6157
6186
6158
6187
6159
6188
6160
6189
6161
6190
6162
6191
6163
6192
6164
6193
6165
6194
6166
6195
6167
6196
6168
6197
6169
6198
6199
6171
6200
6172
6201
6173
6202
6174
6203
6175
6204
6176
6205
6177
6206
6178
6207
6179
6208
6180
6209
6181
6210
6182
6211
6183
6212
6184
6213
6185
6214
6186
6215
6187
6216
6188
6217
6189
6218
6190
6219
6191
6220
6192
6221
6193
6222
6194
6223
6195
6224
6196
6225
6197
6226
6198
6227
6199
6228
6229
6201
6230
6202
6231
6203
6232
6204
6233
6205
6234
6206
6235
6207
6236
6208
6237
6209
6238
6210
6239
6211
6240
6212
6241
6213
6242
6214
6243
6215
6244
6216
6245
6217
6246
6218
6247
6219
6248
6220
6249
6221
6250
6222
6251
6223
6252
6224
6253
6225
6254
6226
6255
6227
6256
6228
6257
6229
6258
6259
6231
6260
6232
6261
6233
6262
6234
6263
6235
6264
6236
6265
6237
6266
6238
6267
6239
6268
6240
6269
6241
6270
6242
6271
6243
6272
6244
6273
6245
6274
6246
6275
6247
6276
6248
6277
6249
6278
6250
6279
6251
6280
6252
6281
6253
6282
6254
6283
6255
6284
6256
6285
6257
6286
6258
6287
6259
6288
6289
6261
6290
6262
6291
6263
6292
6264
6293
6265
6294
6266
6295
6267
6296
6268
6297
6269
6298
6270
6299
6271
6300
6272
6301
6273
6302
6274
6303
6275
6304
6276
6305
6277
6306
6278
6307
6279
6308
6280
6309
6281
6310
6282
6311
6283
6312
6284
6313
6285
6314
6286
6315
6287
6316
6288
6317
6289
6318
6319
6291
6320
6292
6321
6293
6322
6294
6323
6295
6324
6296
6325
6297
6326
6298
6327
6299
6328
6300
6329
6301
6330
6302
6331
6303
6332
6304
6333
6305
6334
6306
6335
6307
6336
6308
6337
6309
6338
6310
6339
6311
6340
6312
6341
6313
6342
6314
6343
6315
6344
6316
6345
6317
6346
6318
6347
6319
6348
6349
6321
6350
6322
6351
6323
6352
6324
6353
6325
6354
6326
6355
6327
6356
6328
6357
6329
6358
6330
6359
6331
6360
6332
6361
6333
6362
6334
6363
6335
6364
6336
6365
6337
6366
6338
6367
6339
6368
6340
6369
6341
6370
6342
6371
6343
6372
6344
6373
6345
6374
6346
6375
6347
6376
6348
6377
6349
6378
6379
6351
6380
6352
6381
6353
6382
6354
6383
6355
6384
6356
6385
6357
6386
6358
6387
6359
6388
6360
6389
6361
6390
6362
6391
6363
6392
6364
6393
6365
6394
6366
6395
6367
6396
6368
6397
6369
6398
6370
6399
6371
6400
6372
6401
6373
6402
6374
6403
6375
6404
6376
6405
6377
6406
6378
6407
6379
6408
6409
6381
6410
6382
6411
6383
6412
6384
6413
6385
6414
6386
6415
6387
6416
6388
6417
6389
6418
6390
6419
6391
6420
6392
6421
6393
6422
6394
6423
6395
6424
6396
6425
6397
6426
6398
6427
6399
6428
6400
6429
6401
6430
6402
6431
6403
6432
6404
6433
6405
6434
6406
6435
6407
6436
6408
6437
6409
6438
6439
6411
6440
6412
6441
6413
6442
6414
6443
6415
6444
6416
6445
6417
6446
6418
6447
6419
6448
6420
6449
6421
6450
6422
6451
6423
6452
6424
6453
6425
6454
6426
6455
6427
6456
6428
6457
6429
6458
6430
6459
6431
6460
6432
6461
6433
6462
6434
6463
6435
6464
6436
6465
6437
6466
6438
6467
6439
6468
6469
6441
6470
6442
6471
6443
6472
6444
6473
6445
6474
6446
6475
6447
6476
6448
6477
6449
6478
6450
6479
6451
6480
6452
6481
6453
6482
6454
6483
6455
6484
6456
6485
6457
6486
6458
6487
6459
6488
6460
6489
6461
6490
6462
6491
6463
6492
6464
6493
6465
6494
6466
6495
6467
6496
6468
6497
6469
6498
6499
6471
8900
6472
8901
6473
8902
6474
8903
6475
8904
6476
8905
6477
8906
6478
8907
6479
8908
6480
8909
6481
8910
6482
8911
6483
8912
6484
8913
6485
8914
6486
8915
6487
8916
6488
8917
6489
8918
6490
8919
6491
8920
6492
8921
6493
8922
6494
8923
6495
8924
6496
8925
6497
8926
6498
8927
6499
8928
8929
6501
6510
6709
6502
6511
6503
6512
6504
6513
6505
6514
6506
6515
6507
6516
6508
6517
6509
6518
6519
6511
6520
6719
6512
6521
6513
6522
6514
6523
6515
6524
6516
6525
6517
6526
6518
6527
6519
6528
6529
6521
6530
6729
6522
6531
6523
6532
6524
6533
6525
6534
6526
6535
6527
6536
6528
6537
6529
6538
6539
6531
6540
6739
6532
6541
6533
6542
6534
6543
6535
6544
6536
6545
6537
6546
6538
6547
6539
6548
6549
6541
6550
6749
6542
6551
6543
6552
6544
6553
6545
6554
6546
6555
6547
6556
6548
6557
6549
6558
6559
6551
6560
6759
6552
6561
6553
6562
6554
6563
6555
6564
6556
6565
6557
6566
6558
6567
6559
6568
6569
6561
6570
6769
6562
6571
6563
6572
6564
6573
6565
6574
6566
6575
6567
6576
6568
6577
6569
6578
6579
6571
6580
6779
6572
6581
6573
6582
6574
6583
6575
6584
6576
6585
6577
6586
6578
6587
6579
6588
6589
6581
6590
6789
6582
6591
6583
6592
6584
6593
6585
6594
6586
6595
6587
6596
6588
6597
6589
6598
6599
6591
6600
6799
6592
6601
6593
6602
6594
6603
6595
6604
6596
6605
6597
6606
6598
6607
6599
6608
6609
6601
6610
6809
6602
6611
6603
6612
6604
6613
6605
6614
6606
6615
6607
6616
6608
6617
6609
6618
6619
6611
6620
6819
6612
6621
6613
6622
6614
6623
6615
6624
6616
6625
6617
6626
6618
6627
6619
6628
6629
6621
6630
6829
6622
6631
6623
6632
6624
6633
6625
6634
6626
6635
6627
6636
6628
6637
6629
6638
6639
6631
6640
6839
6632
6641
6633
6642
6634
6643
6635
6644
6636
6645
6637
6646
6638
6647
6639
6648
6649
6641
6650
6849
6642
6651
6643
6652
6644
6653
6645
6654
6646
6655
6647
6656
6648
6657
6649
6658
6659
6651
6660
6859
6652
6661
6653
6662
6654
6663
6655
6664
6656
6665
6657
6666
6658
6667
6659
6668
6669
6661
6670
6869
6662
6671
6663
6672
6664
6673
6665
6674
6666
6675
6667
6676
6668
6677
6669
6678
6679
6671
6680
6879
6672
6681
6673
6682
6674
6683
6675
6684
6676
6685
6677
6686
6678
6687
6679
6688
6689
6681
6690
6889
6682
6691
6683
6692
6684
6693
6685
6694
6686
6695
6687
6696
6688
6697
6689
6698
6699
6691
6899
9170
6692
9140
6693
9110
6694
9080
6695
9050
6696
9020
6697
8990
6698
8960
6699
8930
8900
6701
6710
6702
6711
6703
6712
6704
6713
6705
6714
6706
6715
6707
6716
6708
6717
6709
6718
6719
6711
6720
6712
6721
6713
6722
6714
6723
6715
6724
6716
6725
6717
6726
6718
6727
6719
6728
6729
6721
6730
6722
6731
6723
6732
6724
6733
6725
6734
6726
6735
6727
6736
6728
6737
6729
6738
6739
6731
6740
6732
6741
6733
6742
6734
6743
6735
6744
6736
6745
6737
6746
6738
6747
6739
6748
6749
6741
6750
6742
6751
6743
6752
6744
6753
6745
6754
6746
6755
6747
6756
6748
6757
6749
6758
6759
6751
6760
6752
6761
6753
6762
6754
6763
6755
6764
6756
6765
6757
6766
6758
6767
6759
6768
6769
6761
6770
6762
6771
6763
6772
6764
6773
6765
6774
6766
6775
6767
6776
6768
6777
6769
6778
6779
6771
6780
6772
6781
6773
6782
6774
6783
6775
6784
6776
6785
6777
6786
6778
6787
6779
6788
6789
6781
6790
6782
6791
6783
6792
6784
6793
6785
6794
6786
6795
6787
6796
6788
6797
6789
6798
6799
6791
6800
6792
6801
6793
6802
6794
6803
6795
6804
6796
6805
6797
6806
6798
6807
6799
6808
6809
6801
6810
6802
6811
6803
6812
6804
6813
6805
6814
6806
6815
6807
6816
6808
6817
6809
6818
6819
6811
6820
6812
6821
6813
6822
6814
6823
6815
6824
6816
6825
6817
6826
6818
6827
6819
6828
6829
6821
6830
6822
6831
6823
6832
6824
6833
6825
6834
6826
6835
6827
6836
6828
6837
6829
6838
6839
6831
6840
6832
6841
6833
6842
6834
6843
6835
6844
6836
6845
6837
6846
6838
6847
6839
6848
6849
6841
6850
6842
6851
6843
6852
6844
6853
6845
6854
6846
6855
6847
6856
6848
6857
6849
6858
6859
6851
6860
6852
6861
6853
6862
6854
6863
6855
6864
6856
6865
6857
6866
6858
6867
6859
6868
6869
6861
6870
6862
6871
6863
6872
6864
6873
6865
6874
6866
6875
6867
6876
6868
6877
6869
6878
6879
6871
6880
6872
6881
6873
6882
6874
6883
6875
6884
6876
6885
6877
6886
6878
6887
6879
6888
6889
6881
6890
6882
6891
6883
6892
6884
6893
6885
6894
6886
6895
6887
6896
6888
6897
6889
6898
6899
6891
6900
6892
6901
6893
6902
6894
6903
6895
6904
6896
6905
6897
6906
6898
6907
6899
6908
6909
6901
6910
6902
6911
6903
6912
6904
6913
6905
6914
6906
6915
6907
6916
6908
6917
6909
6918
6919
7400
6911
6920
6912
6921
6913
6922
6914
6923
6915
6924
6916
6925
6917
6926
6918
6927
6919
6928
6929
7430
6921
6930
6922
6931
6923
6932
6924
6933
6925
6934
6926
6935
6927
6936
6928
6937
6929
6938
6939
7460
6931
6940
6932
6941
6933
6942
6934
6943
6935
6944
6936
6945
6937
6946
6938
6947
6939
6948
6949
7490
6941
6950
6942
6951
6943
6952
6944
6953
6945
6954
6946
6955
6947
6956
6948
6957
6949
6958
6959
7520
6951
6960
6952
6961
6953
6962
6954
6963
6955
6964
6956
6965
6957
6966
6958
6967
6959
6968
6969
7550
6961
6970
6962
6971
6963
6972
6964
6973
6965
6974
6966
6975
6967
6976
6968
6977
6969
6978
6979
7580
6971
6980
6972
6981
6973
6982
6974
6983
6975
6984
6976
6985
6977
6986
6978
6987
6979
6988
6989
7610
6981
6990
6982
6991
6983
6992
6984
6993
6985
6994
6986
6995
6987
6996
6988
6997
6989
6998
6999
7640
6991
7000
6992
7001
6993
7002
6994
7003
6995
7004
6996
7005
6997
7006
6998
7007
6999
7008
7009
7670
7001
7010
7002
7011
7003
7012
7004
7013
7005
7014
7006
7015
7007
7016
7008
7017
7009
7018
7019
7700
7011
7020
7012
7021
7013
7022
7014
7023
7015
7024
7016
7025
7017
7026
7018
7027
7019
7028
7029
7730
7021
7030
7022
7031
7023
7032
7024
7033
7025
7034
7026
7035
7027
7036
7028
7037
7029
7038
7039
7760
7031
7040
7032
7041
7033
7042
7034
7043
7035
7044
7036
7045
7037
7046
7038
7047
7039
7048
7049
7790
7041
7050
7042
7051
7043
7052
7044
7053
7045
7054
7046
7055
7047
7056
7048
7057
7049
7058
7059
7820
7051
7060
7052
7061
7053
7062
7054
7063
7055
7064
7056
7065
7057
7066
7058
7067
7059
7068
7069
7850
7061
7070
7062
7071
7063
7072
7064
7073
7065
7074
7066
7075
7067
7076
7068
7077
7069
7078
7079
7880
7071
7080
7072
7081
7073
7082
7074
7083
7075
7084
7076
7085
7077
7086
7078
7087
7079
7088
7089
7910
7081
7090
7082
7091
7083
7092
7084
7093
7085
7094
7086
7095
7087
7096
7088
7097
7089
7098
7099
7940
7091
7100
7092
7101
7093
7102
7094
7103
7095
7104
7096
7105
7097
7106
7098
7107
7099
7108
7109
7970
7101
7110
7102
7111
7103
7112
7104
7113
7105
7114
7106
7115
7107
7116
7108
7117
7109
7118
7119
8000
7111
7120
7112
7121
7113
7122
7114
7123
7115
7124
7116
7125
7117
7126
7118
7127
7119
7128
7129
8030
7121
7130
7122
7131
7123
7132
7124
7133
7125
7134
7126
7135
7127
7136
7128
7137
7129
7138
7139
8060
7131
7140
7132
7141
7133
7142
7134
7143
7135
7144
7136
7145
7137
7146
7138
7147
7139
7148
7149
8090
7141
7150
7142
7151
7143
7152
7144
7153
7145
7154
7146
7155
7147
7156
7148
7157
7149
7158
7159
8120
7151
7160
7152
7161
7153
7162
7154
7163
7155
7164
7156
7165
7157
7166
7158
7167
7159
7168
7169
8150
7161
7170
7162
7171
7163
7172
7164
7173
7165
7174
7166
7175
7167
7176
7168
7177
7169
7178
7179
8180
7171
7180
7172
7181
7173
7182
7174
7183
7175
7184
7176
7185
7177
7186
7178
7187
7179
7188
7189
8210
7181
7190
7182
7191
7183
7192
7184
7193
7185
7194
7186
7195
7187
7196
7188
7197
7189
7198
7199
8240
7191
7200
7192
7201
7193
7202
7194
7203
7195
7204
7196
7205
7197
7206
7198
7207
7199
7208
7209
8270
7201
7210
7202
7211
7203
7212
7204
7213
7205
7214
7206
7215
7207
7216
7208
7217
7209
7218
7219
8300
7211
7220
7212
7221
7213
7222
7214
7223
7215
7224
7216
7225
7217
7226
7218
7227
7219
7228
7229
8330
7221
7230
7222
7231
7223
7232
7224
7233
7225
7234
7226
7235
7227
7236
7228
7237
7229
7238
7239
8360
7231
7240
7232
7241
7233
7242
7234
7243
7235
7244
7236
7245
7237
7246
7238
7247
7239
7248
7249
8390
7241
7250
7242
7251
7243
7252
7244
7253
7245
7254
7246
7255
7247
7256
7248
7257
7249
7258
7259
8420
7251
7260
7252
7261
7253
7262
7254
7263
7255
7264
7256
7265
7257
7266
7258
7267
7259
7268
7269
8450
7261
7270
7262
7271
7263
7272
7264
7273
7265
7274
7266
7275
7267
7276
7268
7277
7269
7278
7279
8480
7271
7280
7272
7281
7273
7282
7274
7283
7275
7284
7276
7285
7277
7286
7278
7287
7279
7288
7289
8510
7281
7290
7282
7291
7283
7292
7284
7293
7285
7294
7286
7295
7287
7296
7288
7297
7289
7298
7299
8540
7291
7300
7292
7301
7293
7302
7294
7303
7295
7304
7296
7305
7297
7306
7298
7307
7299
7308
7309
8570
7301
7310
7302
7311
7303
7312
7304
7313
7305
7314
7306
7315
7307
7316
7308
7317
7309
7318
7319
8600
7311
7320
7312
7321
7313
7322
7314
7323
7315
7324
7316
7325
7317
7326
7318
7327
7319
7328
7329
8630
7321
7330
7322
7331
7323
7332
7324
7333
7325
7334
7326
7335
7327
7336
7328
7337
7329
7338
7339
8660
7331
7340
7332
7341
7333
7342
7334
7343
7335
7344
7336
7345
7337
7346
7338
7347
7339
7348
7349
8690
7341
7350
7342
7351
7343
7352
7344
7353
7345
7354
7346
7355
7347
7356
7348
7357
7349
7358
7359
8720
7351
7360
7352
7361
7353
7362
7354
7363
7355
7364
7356
7365
7357
7366
7358
7367
7359
7368
7369
8750
7361
7370
7362
7371
7363
7372
7364
7373
7365
7374
7366
7375
7367
7376
7368
7377
7369
7378
7379
8780
7371
7380
7372
7381
7373
7382
7374
7383
7375
7384
7376
7385
7377
7386
7378
7387
7379
7388
7389
8810
7381
7390
7382
7391
7383
7392
7384
7393
7385
7394
7386
7395
7387
7396
7388
7397
7389
7398
7399
8840
7391
7392
7393
7394
7395
7396
7397
7398
7399
8870
7401
7430
9170
7402
7431
9171
7403
7432
9172
7404
7433
9173
7405
7434
9174
7406
7435
9175
7407
7436
9176
7408
7437
9177
7409
7438
9178
7410
7439
9179
7411
7440
9180
7412
7441
9181
7413
7442
9182
7414
7443
9183
7415
7444
9184
7416
7445
9185
7417
7446
9186
7418
7447
9187
7419
7448
9188
7420
7449
9189
7421
7450
9190
7422
7451
9191
7423
7452
9192
7424
7453
9193
7425
7454
9194
7426
7455
9195
7427
7456
9196
7428
7457
9197
7429
7458
9198
7459
9199
7431
7460
7432
7461
7433
7462
7434
7463
7435
7464
7436
7465
7437
7466
7438
7467
7439
7468
7440
7469
7441
7470
7442
7471
7443
7472
7444
7473
7445
7474
7446
7475
7447
7476
7448
7477
7449
7478
7450
7479
7451
7480
7452
7481
7453
7482
7454
7483
7455
7484
7456
7485
7457
7486
7458
7487
7459
7488
7489
7461
7490
7462
7491
7463
7492
7464
7493
7465
7494
7466
7495
7467
7496
7468
7497
7469
7498
7470
7499
7471
7500
7472
7501
7473
7502
7474
7503
7475
7504
7476
7505
7477
7506
7478
7507
7479
7508
7480
7509
7481
7510
7482
7511
7483
7512
7484
7513
7485
7514
7486
7515
7487
7516
7488
7517
7489
7518
7519
7491
7520
7492
7521
7493
7522
7494
7523
7495
7524
7496
7525
7497
7526
7498
7527
7499
7528
7500
7529
7501
7530
7502
7531
7503
7532
7504
7533
7505
7534
7506
7535
7507
7536
7508
7537
7509
7538
7510
7539
7511
7540
7512
7541
7513
7542
7514
7543
7515
7544
7516
7545
7517
7546
7518
7547
7519
7548
7549
7521
7550
7522
7551
7523
7552
7524
7553
7525
7554
7526
7555
7527
7556
7528
7557
7529
7558
7530
7559
7531
7560
7532
7561
7533
7562
7534
7563
7535
7564
7536
7565
7537
7566
7538
7567
7539
7568
7540
7569
7541
7570
7542
7571
7543
7572
7544
7573
7545
7574
7546
7575
7547
7576
7548
7577
7549
7578
7579
7551
7580
7552
7581
7553
7582
7554
7583
7555
7584
7556
7585
7557
7586
7558
7587
7559
7588
7560
7589
7561
7590
7562
7591
7563
7592
7564
7593
7565
7594
7566
7595
7567
7596
7568
7597
7569
7598
7570
7599
7571
7600
7572
7601
7573
7602
7574
7603
7575
7604
7576
7605
7577
7606
7578
7607
7579
7608
7609
7581
7610
7582
7611
7583
7612
7584
7613
7585
7614
7586
7615
7587
7616
7588
7617
7589
7618
7590
7619
7591
7620
7592
7621
7593
7622
7594
7623
7595
7624
7596
7625
7597
7626
7598
7627
7599
7628
7600
7629
7601
7630
7602
7631
7603
7632
7604
7633
7605
7634
7606
7635
7607
7636
7608
7637
7609
7638
7639
7611
7640
7612
7641
7613
7642
7614
7643
7615
7644
7616
7645
7617
7646
7618
7647
7619
7648
7620
7649
7621
7650
7622
7651
7623
7652
7624
7653
7625
7654
7626
7655
7627
7656
7628
7657
7629
7658
7630
7659
7631
7660
7632
7661
7633
7662
7634
7663
7635
7664
7636
7665
7637
7666
7638
7667
7639
7668
7669
7641
7670
7642
7671
7643
7672
7644
7673
7645
7674
7646
7675
7647
7676
7648
7677
7649
7678
7650
7679
7651
7680
7652
7681
7653
7682
7654
7683
7655
7684
7656
7685
7657
7686
7658
7687
7659
7688
7660
7689
7661
7690
7662
7691
7663
7692
7664
7693
7665
7694
7666
7695
7667
7696
7668
7697
7669
7698
7699
7671
7700
7672
7701
7673
7702
7674
7703
7675
7704
7676
7705
7677
7706
7678
7707
7679
7708
7680
7709
7681
7710
7682
7711
7683
7712
7684
7713
7685
7714
7686
7715
7687
7716
7688
7717
7689
7718
7690
7719
7691
7720
7692
7721
7693
7722
7694
7723
7695
7724
7696
7725
7697
7726
7698
7727
7699
7728
7729
7701
7730
7702
7731
7703
7732
7704
7733
7705
7734
7706
7735
7707
7736
7708
7737
7709
7738
7710
7739
7711
7740
7712
7741
7713
7742
7714
7743
7715
7744
7716
7745
7717
7746
7718
7747
7719
7748
7720
7749
7721
7750
7722
7751
7723
7752
7724
7753
7725
7754
7726
7755
7727
7756
7728
7757
7729
7758
7759
7731
7760
7732
7761
7733
7762
7734
7763
7735
7764
7736
7765
7737
7766
7738
7767
7739
7768
7740
7769
7741
7770
7742
7771
7743
7772
7744
7773
7745
7774
7746
7775
7747
7776
7748
7777
7749
7778
7750
7779
7751
7780
7752
7781
7753
7782
7754
7783
7755
7784
7756
7785
7757
7786
7758
7787
7759
7788
7789
7761
7790
7762
7791
7763
7792
7764
7793
7765
7794
7766
7795
7767
7796
7768
7797
7769
7798
7770
7799
7771
7800
7772
7801
7773
7802
7774
7803
7775
7804
7776
7805
7777
7806
7778
7807
7779
7808
7780
7809
7781
7810
7782
7811
7783
7812
7784
7813
7785
7814
7786
7815
7787
7816
7788
7817
7789
7818
7819
7791
7820
7792
7821
7793
7822
7794
7823
7795
7824
7796
7825
7797
7826
7798
7827
7799
7828
7800
7829
7801
7830
7802
7831
7803
7832
7804
7833
7805
7834
7806
7835
7807
7836
7808
7837
7809
7838
7810
7839
7811
7840
7812
7841
7813
7842
7814
7843
7815
7844
7816
7845
7817
7846
7818
7847
7819
7848
7849
7821
7850
7822
7851
7823
7852
7824
7853
7825
7854
7826
7855
7827
7856
7828
7857
7829
7858
7830
7859
7831
7860
7832
7861
7833
7862
7834
7863
7835
7864
7836
7865
7837
7866
7838
7867
7839
7868
7840
7869
7841
7870
7842
7871
7843
7872
7844
7873
7845
7874
7846
7875
7847
7876
7848
7877
7849
7878
7879
7851
7880
7852
7881
7853
7882
7854
7883
7855
7884
7856
7885
7857
7886
7858
7887
7859
7888
7860
7889
7861
7890
7862
7891
7863
7892
7864
7893
7865
7894
7866
7895
7867
7896
7868
7897
7869
7898
7870
7899
7871
7900
7872
7901
7873
7902
7874
7903
7875
7904
7876
7905
7877
7906
7878
7907
7879
7908
7909
7881
7910
7882
7911
7883
7912
7884
7913
7885
7914
7886
7915
7887
7916
7888
7917
7889
7918
7890
7919
7891
7920
7892
7921
7893
7922
7894
7923
7895
7924
7896
7925
7897
7926
7898
7927
7899
7928
7900
7929
7901
7930
7902
7931
7903
7932
7904
7933
7905
7934
7906
7935
7907
7936
7908
7937
7909
7938
7939
7911
7940
7912
7941
7913
7942
7914
7943
7915
7944
7916
7945
7917
7946
7918
7947
7919
7948
7920
7949
7921
7950
7922
7951
7923
7952
7924
7953
7925
7954
7926
7955
7927
7956
7928
7957
7929
7958
7930
7959
7931
7960
7932
7961
7933
7962
7934
7963
7935
7964
7936
7965
7937
7966
7938
7967
7939
7968
7969
7941
7970
7942
7971
7943
7972
7944
7973
7945
7974
7946
7975
7947
7976
7948
7977
7949
7978
7950
7979
7951
7980
7952
7981
7953
7982
7954
7983
7955
7984
7956
7985
7957
7986
7958
7987
7959
7988
7960
7989
7961
7990
7962
7991
7963
7992
7964
7993
7965
7994
7966
7995
7967
7996
7968
7997
7969
7998
7999
7971
8000
7972
8001
7973
8002
7974
8003
7975
8004
7976
8005
7977
8006
7978
8007
7979
8008
7980
8009
7981
8010
7982
8011
7983
8012
7984
8013
7985
8014
7986
8015
7987
8016
7988
8017
7989
8018
7990
8019
7991
8020
7992
8021
7993
8022
7994
8023
7995
8024
7996
8025
7997
8026
7998
8027
7999
8028
8029
8001
8030
8002
8031
8003
8032
8004
8033
8005
8034
8006
8035
8007
8036
8008
8037
8009
8038
8010
8039
8011
8040
8012
8041
8013
8042
8014
8043
8015
8044
8016
8045
8017
8046
8018
8047
8019
8048
8020
8049
8021
8050
8022
8051
8023
8052
8024
8053
8025
8054
8026
8055
8027
8056
8028
8057
8029
8058
8059
8031
8060
8032
8061
8033
8062
8034
8063
8035
8064
8036
8065
8037
8066
8038
8067
8039
8068
8040
8069
8041
8070
8042
8071
8043
8072
8044
8073
8045
8074
8046
8075
8047
8076
8048
8077
8049
8078
8050
8079
8051
8080
8052
8081
8053
8082
8054
8083
8055
8084
8056
8085
8057
8086
8058
8087
8059
8088
8089
8061
8090
8062
8091
8063
8092
8064
8093
8065
8094
8066
8095
8067
8096
8068
8097
8069
8098
8070
8099
8071
8100
8072
8101
8073
8102
8074
8103
8075
8104
8076
8105
8077
8106
8078
8107
8079
8108
8080
8109
8081
8110
8082
8111
8083
8112
8084
8113
8085
8114
8086
8115
8087
8116
8088
8117
8089
8118
8119
8091
8120
8092
8121
8093
8122
8094
8123
8095
8124
8096
8125
8097
8126
8098
8127
8099
8128
8100
8129
8101
8130
8102
8131
8103
8132
8104
8133
8105
8134
8106
8135
8107
8136
8108
8137
8109
8138
8110
8139
8111
8140
8112
8141
8113
8142
8114
8143
8115
8144
8116
8145
8117
8146
8118
8147
8119
8148
8149
8121
8150
8122
8151
8123
8152
8124
8153
8125
8154
8126
8155
8127
8156
8128
8157
8129
8158
8130
8159
8131
8160
8132
8161
8133
8162
8134
8163
8135
8164
8136
8165
8137
8166
8138
8167
8139
8168
8140
8169
8141
8170
8142
8171
8143
8172
8144
8173
8145
8174
8146
8175
8147
8176
8148
8177
8149
8178
8179
8151
8180
8152
8181
8153
8182
8154
8183
8155
8184
8156
8185
8157
8186
8158
8187
8159
8188
8160
8189
8161
8190
8162
8191
8163
8192
8164
8193
8165
8194
8166
8195
8167
8196
8168
8197
8169
8198
8170
8199
8171
8200
8172
8201
8173
8202
8174
8203
8175
8204
8176
8205
8177
8206
8178
8207
8179
8208
8209
8181
8210
8182
8211
8183
8212
8184
8213
8185
8214
8186
8215
8187
8216
8188
8217
8189
8218
8190
8219
8191
8220
8192
8221
8193
8222
8194
8223
8195
8224
8196
8225
8197
8226
8198
8227
8199
8228
8200
8229
8201
8230
8202
8231
8203
8232
8204
8233
8205
8234
8206
8235
8207
8236
8208
8237
8209
8238
8239
8211
8240
8212
8241
8213
8242
8214
8243
8215
8244
8216
8245
8217
8246
8218
8247
8219
8248
8220
8249
8221
8250
8222
8251
8223
8252
8224
8253
8225
8254
8226
8255
8227
8256
8228
8257
8229
8258
8230
8259
8231
8260
8232
8261
8233
8262
8234
8263
8235
8264
8236
8265
8237
8266
8238
8267
8239
8268
8269
8241
8270
8242
8271
8243
8272
8244
8273
8245
8274
8246
8275
8247
8276
8248
8277
8249
8278
8250
8279
8251
8280
8252
8281
8253
8282
8254
8283
8255
8284
8256
8285
8257
8286
8258
8287
8259
8288
8260
8289
8261
8290
8262
8291
8263
8292
8264
8293
8265
8294
8266
8295
8267
8296
8268
8297
8269
8298
8299
8271
8300
8272
8301
8273
8302
8274
8303
8275
8304
8276
8305
8277
8306
8278
8307
8279
8308
8280
8309
8281
8310
8282
8311
8283
8312
8284
8313
8285
8314
8286
8315
8287
8316
8288
8317
8289
8318
8290
8319
8291
8320
8292
8321
8293
8322
8294
8323
8295
8324
8296
8325
8297
8326
8298
8327
8299
8328
8329
8301
8330
8302
8331
8303
8332
8304
8333
8305
8334
8306
8335
8307
8336
8308
8337
8309
8338
8310
8339
8311
8340
8312
8341
8313
8342
8314
8343
8315
8344
8316
8345
8317
8346
8318
8347
8319
8348
8320
8349
8321
8350
8322
8351
8323
8352
8324
8353
8325
8354
8326
8355
8327
8356
8328
8357
8329
8358
8359
8331
8360
8332
8361
8333
8362
8334
8363
8335
8364
8336
8365
8337
8366
8338
8367
8339
8368
8340
8369
8341
8370
8342
8371
8343
8372
8344
8373
8345
8374
8346
8375
8347
8376
8348
8377
8349
8378
8350
8379
8351
8380
8352
8381
8353
8382
8354
8383
8355
8384
8356
8385
8357
8386
8358
8387
8359
8388
8389
8361
8390
8362
8391
8363
8392
8364
8393
8365
8394
8366
8395
8367
8396
8368
8397
8369
8398
8370
8399
8371
8400
8372
8401
8373
8402
8374
8403
8375
8404
8376
8405
8377
8406
8378
8407
8379
8408
8380
8409
8381
8410
8382
8411
8383
8412
8384
8413
8385
8414
8386
8415
8387
8416
8388
8417
8389
8418
8419
8391
8420
8392
8421
8393
8422
8394
8423
8395
8424
8396
8425
8397
8426
8398
8427
8399
8428
8400
8429
8401
8430
8402
8431
8403
8432
8404
8433
8405
8434
8406
8435
8407
8436
8408
8437
8409
8438
8410
8439
8411
8440
8412
8441
8413
8442
8414
8443
8415
8444
8416
8445
8417
8446
8418
8447
8419
8448
8449
8421
8450
8422
8451
8423
8452
8424
8453
8425
8454
8426
8455
8427
8456
8428
8457
8429
8458
8430
8459
8431
8460
8432
8461
8433
8462
8434
8463
8435
8464
8436
8465
8437
8466
8438
8467
8439
8468
8440
8469
8441
8470
8442
8471
8443
8472
8444
8473
8445
8474
8446
8475
8447
8476
8448
8477
8449
8478
8479
8451
8480
8452
8481
8453
8482
8454
8483
8455
8484
8456
8485
8457
8486
8458
8487
8459
8488
8460
8489
8461
8490
8462
8491
8463
8492
8464
8493
8465
8494
8466
8495
8467
8496
8468
8497
8469
8498
8470
8499
8471
8500
8472
8501
8473
8502
8474
8503
8475
8504
8476
8505
8477
8506
8478
8507
8479
8508
8509
8481
8510
8482
8511
8483
8512
8484
8513
8485
8514
8486
8515
8487
8516
8488
8517
8489
8518
8490
8519
8491
8520
8492
8521
8493
8522
8494
8523
8495
8524
8496
8525
8497
8526
8498
8527
8499
8528
8500
8529
8501
8530
8502
8531
8503
8532
8504
8533
8505
8534
8506
8535
8507
8536
8508
8537
8509
8538
8539
8511
8540
8512
8541
8513
8542
8514
8543
8515
8544
8516
8545
8517
8546
8518
8547
8519
8548
8520
8549
8521
8550
8522
8551
8523
8552
8524
8553
8525
8554
8526
8555
8527
8556
8528
8557
8529
8558
8530
8559
8531
8560
8532
8561
8533
8562
8534
8563
8535
8564
8536
8565
8537
8566
8538
8567
8539
8568
8569
8541
8570
8542
8571
8543
8572
8544
8573
8545
8574
8546
8575
8547
8576
8548
8577
8549
8578
8550
8579
8551
8580
8552
8581
8553
8582
8554
8583
8555
8584
8556
8585
8557
8586
8558
8587
8559
8588
8560
8589
8561
8590
8562
8591
8563
8592
8564
8593
8565
8594
8566
8595
8567
8596
8568
8597
8569
8598
8599
8571
8600
8572
8601
8573
8602
8574
8603
8575
8604
8576
8605
8577
8606
8578
8607
8579
8608
8580
8609
8581
8610
8582
8611
8583
8612
8584
8613
8585
8614
8586
8615
8587
8616
8588
8617
8589
8618
8590
8619
8591
8620
8592
8621
8593
8622
8594
8623
8595
8624
8596
8625
8597
8626
8598
8627
8599
8628
8629
8601
8630
8602
8631
8603
8632
8604
8633
8605
8634
8606
8635
8607
8636
8608
8637
8609
8638
8610
8639
8611
8640
8612
8641
8613
8642
8614
8643
8615
8644
8616
8645
8617
8646
8618
8647
8619
8648
8620
8649
8621
8650
8622
8651
8623
8652
8624
8653
8625
8654
8626
8655
8627
8656
8628
8657
8629
8658
8659
8631
8660
8632
8661
8633
8662
8634
8663
8635
8664
8636
8665
8637
8666
8638
8667
8639
8668
8640
8669
8641
8670
8642
8671
8643
8672
8644
8673
8645
8674
8646
8675
8647
8676
8648
8677
8649
8678
8650
8679
8651
8680
8652
8681
8653
8682
8654
8683
8655
8684
8656
8685
8657
8686
8658
8687
8659
8688
8689
8661
8690
8662
8691
8663
8692
8664
8693
8665
8694
8666
8695
8667
8696
8668
8697
8669
8698
8670
8699
8671
8700
8672
8701
8673
8702
8674
8703
8675
8704
8676
8705
8677
8706
8678
8707
8679
8708
8680
8709
8681
8710
8682
8711
8683
8712
8684
8713
8685
8714
8686
8715
8687
8716
8688
8717
8689
8718
8719
8691
8720
8692
8721
8693
8722
8694
8723
8695
8724
8696
8725
8697
8726
8698
8727
8699
8728
8700
8729
8701
8730
8702
8731
8703
8732
8704
8733
8705
8734
8706
8735
8707
8736
8708
8737
8709
8738
8710
8739
8711
8740
8712
8741
8713
8742
8714
8743
8715
8744
8716
8745
8717
8746
8718
8747
8719
8748
8749
8721
8750
8722
8751
8723
8752
8724
8753
8725
8754
8726
8755
8727
8756
8728
8757
8729
8758
8730
8759
8731
8760
8732
8761
8733
8762
8734
8763
8735
8764
8736
8765
8737
8766
8738
8767
8739
8768
8740
8769
8741
8770
8742
8771
8743
8772
8744
8773
8745
8774
8746
8775
8747
8776
8748
8777
8749
8778
8779
8751
8780
8752
8781
8753
8782
8754
8783
8755
8784
8756
8785
8757
8786
8758
8787
8759
8788
8760
8789
8761
8790
8762
8791
8763
8792
8764
8793
8765
8794
8766
8795
8767
8796
8768
8797
8769
8798
8770
8799
8771
8800
8772
8801
8773
8802
8774
8803
8775
8804
8776
8805
8777
8806
8778
8807
8779
8808
8809
8781
8810
8782
8811
8783
8812
8784
8813
8785
8814
8786
8815
8787
8816
8788
8817
8789
8818
8790
8819
8791
8820
8792
8821
8793
8822
8794
8823
8795
8824
8796
8825
8797
8826
8798
8827
8799
8828
8800
8829
8801
8830
8802
8831
8803
8832
8804
8833
8805
8834
8806
8835
8807
8836
8808
8837
8809
8838
8839
8811
8840
8812
8841
8813
8842
8814
8843
8815
8844
8816
8845
8817
8846
8818
8847
8819
8848
8820
8849
8821
8850
8822
8851
8823
8852
8824
8853
8825
8854
8826
8855
8827
8856
8828
8857
8829
8858
8830
8859
8831
8860
8832
8861
8833
8862
8834
8863
8835
8864
8836
8865
8837
8866
8838
8867
8839
8868
8869
8841
8870
8842
8871
8843
8872
8844
8873
8845
8874
8846
8875
8847
8876
8848
8877
8849
8878
8850
8879
8851
8880
8852
8881
8853
8882
8854
8883
8855
8884
8856
8885
8857
8886
8858
8887
8859
8888
8860
8889
8861
8890
8862
8891
8863
8892
8864
8893
8865
8894
8866
8895
8867
8896
8868
8897
8869
8898
8899
8871
8872
8873
8874
8875
8876
8877
8878
8879
8880
8881
8882
8883
8884
8885
8886
8887
8888
8889
8890
8891
8892
8893
8894
8895
8896
8897
8898
8899
8901
8930
8902
8931
8903
8932
8904
8933
8905
8934
8906
8935
8907
8936
8908
8937
8909
8938
8910
8939
8911
8940
8912
8941
8913
8942
8914
8943
8915
8944
8916
8945
8917
8946
8918
8947
8919
8948
8920
8949
8921
8950
8922
8951
8923
8952
8924
8953
8925
8954
8926
8955
8927
8956
8928
8957
8929
8958
8959
8931
8960
8932
8961
8933
8962
8934
8963
8935
8964
8936
8965
8937
8966
8938
8967
8939
8968
8940
8969
8941
8970
8942
8971
8943
8972
8944
8973
8945
8974
8946
8975
8947
8976
8948
8977
8949
8978
8950
8979
8951
8980
8952
8981
8953
8982
8954
8983
8955
8984
8956
8985
8957
8986
8958
8987
8959
8988
8989
8961
8990
8962
8991
8963
8992
8964
8993
8965
8994
8966
8995
8967
8996
8968
8997
8969
8998
8970
8999
8971
9000
8972
9001
8973
9002
8974
9003
8975
9004
8976
9005
8977
9006
8978
9007
8979
9008
8980
9009
8981
9010
8982
9011
8983
9012
8984
9013
8985
9014
8986
9015
8987
9016
8988
9017
8989
9018
9019
8991
9020
8992
9021
8993
9022
8994
9023
8995
9024
8996
9025
8997
9026
8998
9027
8999
9028
9000
9029
9001
9030
9002
9031
9003
9032
9004
9033
9005
9034
9006
9035
9007
9036
9008
9037
9009
9038
9010
9039
9011
9040
9012
9041
9013
9042
9014
9043
9015
9044
9016
9045
9017
9046
9018
9047
9019
9048
9049
9021
9050
9022
9051
9023
9052
9024
9053
9025
9054
9026
9055
9027
9056
9028
9057
9029
9058
9030
9059
9031
9060
9032
9061
9033
9062
9034
9063
9035
9064
9036
9065
9037
9066
9038
9067
9039
9068
9040
9069
9041
9070
9042
9071
9043
9072
9044
9073
9045
9074
9046
9075
9047
9076
9048
9077
9049
9078
9079
9051
9080
9052
9081
9053
9082
9054
9083
9055
9084
9056
9085
9057
9086
9058
9087
9059
9088
9060
9089
9061
9090
9062
9091
9063
9092
9064
9093
9065
9094
9066
9095
9067
9096
9068
9097
9069
9098
9070
9099
9071
9100
9072
9101
9073
9102
9074
9103
9075
9104
9076
9105
9077
9106
9078
9107
9079
9108
9109
9081
9110
9082
9111
9083
9112
9084
9113
9085
9114
9086
9115
9087
9116
9088
9117
9089
9118
9090
9119
9091
9120
9092
9121
9093
9122
9094
9123
9095
9124
9096
9125
9097
9126
9098
9127
9099
9128
9100
9129
9101
9130
9102
9131
9103
9132
9104
9133
9105
9134
9106
9135
9107
9136
9108
9137
9109
9138
9139
9111
9140
9112
9141
9113
9142
9114
9143
9115
9144
9116
9145
9117
9146
9118
9147
9119
9148
9120
9149
9121
9150
9122
9151
9123
9152
9124
9153
9125
9154
9126
9155
9127
9156
9128
9157
9129
9158
9130
9159
9131
9160
9132
9161
9133
9162
9134
9163
9135
9164
9136
9165
9137
9166
9138
9167
9139
9168
9169
9141
9170
9142
9171
9143
9172
9144
9173
9145
9174
9146
9175
9147
9176
9148
9177
9149
9178
9150
9179
9151
9180
9152
9181
9153
9182
9154
9183
9155
9184
9156
9185
9157
9186
9158
9187
9159
9188
9160
9189
9161
9190
9162
9191
9163
9192
9164
9193
9165
9194
9166
9195
9167
9196
9168
9197
9169
9198
9199
9171
9172
9173
9174
9175
9176
9177
9178
9179
9180
9181
9182
9183
9184
9185
9186
9187
9188
9189
9190
9191
9192
9193
9194
9195
9196
9197
9198
9199
)


// ************************************************************************* //
